% # columns="iteration, evaluation, sigma, axis ratio, bestever, best, median, worst objective function value, further objective values of best", seed=1012158, Tue Aug 23 12:47:46 2016
1 11 0.452820284068 1.00004583438 223.297794941 2.2329779494113336e+02 396.052188294 1095.694239   
2 22 0.409948410136 1.07156734784 166.70311306 1.6670311306002412e+02 305.374226233 1203.8390327   
3 33 0.388458163466 1.10598888883 151.997705824 1.5199770582381279e+02 300.033440617 593.73987755   
4 44 0.38691953246 1.15021476869 151.997705824 1.7377546453066893e+02 304.710867153 897.001620272   
5 55 0.379051073901 1.22533044705 151.997705824 2.0049333448766592e+02 352.572170705 610.631083728   
6 66 0.355285348574 1.23743670764 138.041394841 1.3804139484063600e+02 285.738485063 820.114179937   
7 77 0.336557839155 1.28448932149 118.69737481 1.1869737480950330e+02 239.301256339 420.711360217   
8 88 0.324401303558 1.27463734669 118.69737481 1.8916542682261294e+02 287.572059842 563.954254507   
9 99 0.313418555417 1.30096647942 118.69737481 1.7371671196766417e+02 232.048017191 587.496026978   
10 110 0.284103728382 1.34540553575 102.936963953 1.0293696395273568e+02 242.055047197 333.338629985   
11 121 0.263948125206 1.35751346873 62.2622463698 6.2262246369761527e+01 156.294477076 529.097244374   
12 132 0.245798145702 1.36385825115 40.7153264606 4.0715326460647525e+01 102.827794041 181.227312616   
13 143 0.242378040946 1.38371201391 40.7153264606 5.3780206739414254e+01 100.698423308 143.917849612   
14 154 0.242013795342 1.38629131272 40.7153264606 5.5870800753265392e+01 95.6832837287 178.972584672   
15 165 0.23558170328 1.46955358869 40.7153264606 6.0343424295141162e+01 108.303561624 189.464842513   
16 176 0.223853629536 1.49853092209 40.7153264606 7.5593877406206218e+01 113.461429852 173.997480258   
17 187 0.216450838842 1.52300927414 40.7153264606 5.1711232159656689e+01 90.7407040234 199.215909541   
18 198 0.205451306889 1.52684068066 40.7153264606 5.1519583358693517e+01 124.438455222 198.297274681   
19 209 0.189523049686 1.51399570294 40.7153264606 4.7949835011519127e+01 70.9480927934 120.178356653   
20 220 0.175770932796 1.49777687074 40.7153264606 4.8547958227002852e+01 66.5395253403 124.14768209   
21 231 0.167341091329 1.50606007163 40.7153264606 4.1616559183792916e+01 67.103048789 103.827470953   
22 242 0.147378038538 1.49712623609 24.7078420533 2.4707842053343970e+01 64.4655631677 115.250769809   
23 253 0.143503247428 1.51348463387 24.7078420533 2.5737923275783729e+01 40.5225792408 80.2656983728   
24 264 0.13788872248 1.49264296118 24.7078420533 2.5725384210865816e+01 36.7520255889 53.1538417472   
25 275 0.135034871821 1.50511655499 24.7078420533 2.6083011453473134e+01 33.5370951708 52.3336459338   
26 286 0.124583035143 1.5628037449 24.3656462274 2.4365646227389853e+01 32.1731267872 48.8151487383   
27 297 0.112422002789 1.59738333914 21.8971475868 2.1897147586786957e+01 40.6950249804 52.0707179004   
28 308 0.108454325994 1.61753071531 21.8971475868 2.4469022089171627e+01 31.9631184707 41.6513739593   
29 319 0.109163988513 1.66379228248 21.8971475868 2.6526093539133768e+01 34.6476128991 51.2397197797   
30 330 0.102987664959 1.70678981963 21.8971475868 2.2087656255981734e+01 34.0502847314 56.8667858145   
31 341 0.101583391266 1.70359162571 20.4541120978 2.0454112097844646e+01 24.3717817828 39.1360282626   
32 352 0.103508254559 1.7452859831 16.0080286611 1.6008028661062980e+01 31.2622104932 38.3311813153   
33 363 0.0966656704169 1.7856448784 16.0080286611 1.7025122611466820e+01 26.0726819219 37.2261238865   
34 374 0.0961456328375 1.7910387953 16.0080286611 1.8674229182837621e+01 23.9333570151 30.1761806474   
35 385 0.0897402778801 1.81105421155 16.0080286611 1.8743613557115417e+01 21.760484228 29.6578847767   
36 396 0.0843491694732 1.8155004093 16.0080286611 1.7390581814841891e+01 24.0630067935 28.0466085438   
37 407 0.0755203838471 1.87723344518 15.7408660622 1.5740866062206965e+01 18.1289762112 30.0793118639   
38 418 0.0733891345644 1.86976051727 14.9844888107 1.4984488810741865e+01 18.753976357 26.5568722134   
39 429 0.0720641206458 1.8772415709 14.9844888107 1.5429274029932106e+01 19.178989436 22.6904330589   
40 440 0.0691210360416 1.92212817263 14.6465534606 1.4646553460553937e+01 17.0822282815 26.6074760567   
41 451 0.0679283823118 1.92869683917 13.9320725472 1.3932072547172940e+01 15.9185529204 20.7334860074   
42 462 0.067940762811 1.95237465275 13.9320725472 1.4083540672860503e+01 17.6830599829 20.3857019203   
43 473 0.0653101993839 1.97957729839 13.6331184629 1.3633118462924424e+01 15.0964609452 21.5351884892   
44 484 0.0579616500579 2.00743744419 13.5643204783 1.3564320478333281e+01 15.2085202292 17.7374519175   
45 495 0.0511965959615 2.02810239457 13.0587723442 1.3058772344168462e+01 15.1962107803 18.6621059606   
46 506 0.048102823342 2.02843259659 12.3734822835 1.2373482283547942e+01 14.2848207363 16.4151016753   
47 517 0.0456664438362 2.08839778254 12.3734822835 1.2751958103055358e+01 13.5047427145 14.4193600112   
48 528 0.0431206518092 2.16487129287 12.3734822835 1.2610049691419235e+01 13.4810561552 17.5935019123   
49 539 0.0424187110645 2.30587749192 12.0327225894 1.2032722589434304e+01 13.4880712868 13.9227127774   
50 550 0.0418018896024 2.3130805969 12.0327225894 1.2191213394890957e+01 13.3126783496 14.0376491589   
51 561 0.0404208602402 2.33755235489 12.0269954629 1.2026995462939079e+01 13.4834983219 15.194839334   
52 572 0.0376653446919 2.33491896342 11.7165360549 1.1716536054855672e+01 12.53104125 13.8398970136   
53 583 0.0355834369074 2.36208033174 11.7165360549 1.2340692397818996e+01 12.8897694279 13.1570981768   
54 594 0.0329854405047 2.39198215919 11.7165360549 1.1995015451384031e+01 12.49698423 13.4057055499   
55 605 0.0295625737664 2.42454669587 11.7165360549 1.1943593495620888e+01 12.4002516379 12.7101510197   
56 616 0.0283736509232 2.43343991438 11.7165360549 1.1786794184288969e+01 12.029241386 12.748752368   
57 627 0.0268048802019 2.47899492439 11.7165360549 1.1826915205020137e+01 12.1533892707 12.396772895   
58 638 0.0254494280586 2.49955337474 11.7165360549 1.1807132666653734e+01 12.0442876723 12.5942112508   
59 649 0.0231283396929 2.5161453693 11.7165360549 1.1851692556566531e+01 11.93974399 12.3496063467   
60 660 0.0201517180156 2.5757776749 11.7152654148 1.1715265414838461e+01 11.8528148341 12.1853698674   
61 671 0.0178712597899 2.62283694796 11.7118468878 1.1711846887799704e+01 11.8548155567 12.1346597366   
62 682 0.016979018204 2.62922282437 11.7118468878 1.1732419220453458e+01 11.8520566065 12.0252309119   
63 693 0.0156246553817 2.66030215041 11.6885027108 1.1688502710840359e+01 11.7609502609 12.020377627   
64 704 0.0141195145851 2.61379537538 11.6566044362 1.1656604436216394e+01 11.743521906 11.8528703625   
65 715 0.0135800404038 2.65333795677 11.6272447686 1.1627244768620173e+01 11.7255147148 11.7966500718   
66 726 0.0135492723267 2.65943187235 11.620881772 1.1620881772048065e+01 11.6999405 11.8181138192   
67 737 0.0123375048564 2.76050674448 11.5716711894 1.1571671189420709e+01 11.6519836753 11.7811331603   
68 748 0.0113816558674 2.7831705327 11.5716711894 1.1586344592514790e+01 11.648628014 11.7194891641   
69 759 0.0108552326099 2.8009353677 11.5716711894 1.1586426380260718e+01 11.6184670926 11.6680778764   
70 770 0.0102323140922 2.94121427669 11.5692430311 1.1569243031074901e+01 11.6151782019 11.72130111   
71 781 0.00950622447189 2.95806444288 11.5671001568 1.1567100156774631e+01 11.6153376355 11.7331984838   
72 792 0.00886606628246 3.04266905765 11.5671001568 1.1568975279179901e+01 11.6048560079 11.6750661126   
73 803 0.00815492519388 3.04865862659 11.5605158504 1.1560515850353729e+01 11.5948376934 11.6121718626   
74 814 0.00794501739025 3.02181335934 11.5605158504 1.1568635855887596e+01 11.5942695928 11.6094589231   
75 825 0.00713077649445 3.08035123805 11.5550807745 1.1555080774468255e+01 11.5910001098 11.6367976167   
76 836 0.006387461614 3.12661431598 11.5550807745 1.1560291416514056e+01 11.5828561471 11.5948918319   
77 847 0.0059982052085 3.15379236715 11.5550807745 1.1562177138096523e+01 11.5737454802 11.6006679996   
78 858 0.00597649753959 3.26770715078 11.5527698225 1.1552769822542675e+01 11.5729388766 11.5906099302   
79 869 0.0058379860276 3.28527552341 11.5418557282 1.1541855728188764e+01 11.5659166968 11.5752682251   
80 880 0.00632368286433 3.3117252722 11.5387266734 1.1538726673408844e+01 11.5493342921 11.567597903   
81 891 0.00686184792681 3.50372875421 11.5317201515 1.1531720151537023e+01 11.5398572415 11.5671273867   
82 902 0.00698941893697 3.76040155091 11.5317201515 1.1532966335111158e+01 11.5474351911 11.579594815   
83 913 0.00740573954538 3.94709940091 11.5316960231 1.1531696023147013e+01 11.5439108641 11.568611283   
84 924 0.00805172236135 4.28162366096 11.5316960231 1.1532959816122588e+01 11.5431166762 11.5837222583   
85 935 0.00905300577244 4.55111383603 11.5315069375 1.1531506937532971e+01 11.5506313664 11.5699732762   
86 946 0.0102116258863 4.99192404996 11.5225822816 1.1522582281575758e+01 11.5438707421 11.5710708313   
87 957 0.0104955839549 5.37140685861 11.5225822816 1.1544654703372942e+01 11.5634116715 11.6049658193   
88 968 0.00970062575766 5.68358750872 11.5225822816 1.1544374849358817e+01 11.5705009411 11.6200800255   
89 979 0.00915949332394 5.7570283177 11.5190501827 1.1519050182727247e+01 11.5561367105 11.5882484289   
90 990 0.009407203467 5.86537548059 11.5190501827 1.1527698633825935e+01 11.5484051674 11.5836711164   
91 1001 0.00961091730526 6.08702305182 11.509705968 1.1509705967995725e+01 11.5327534123 11.5833839497   
92 1012 0.00962952421179 6.08183890456 11.509705968 1.1519052007206946e+01 11.5516597277 11.5900770164   
93 1023 0.00927134126694 6.1637722187 11.5034812742 1.1503481274176751e+01 11.5374858796 11.5797223353   
94 1034 0.00903888278235 6.4027262061 11.4779313666 1.1477931366564395e+01 11.5219388361 11.5423433654   
95 1045 0.00891818061355 6.55381978595 11.4779313666 1.1478702812045599e+01 11.5060625645 11.5395642146   
96 1056 0.00829533894206 6.56072525153 11.475407195 1.1475407194960814e+01 11.5016514046 11.55514094   
97 1067 0.00803758650082 6.77294899307 11.4647719939 1.1464771993909899e+01 11.4848606415 11.5096423759   
98 1078 0.00819169548203 6.91598195021 11.4647719939 1.1469249366585917e+01 11.4793799727 11.5082868169   
99 1089 0.0079664752733 6.9756905061 11.4647719939 1.1468162435975939e+01 11.4819278755 11.5302788003   
100 1100 0.007936609375 7.00571056204 11.4508537945 1.1450853794497585e+01 11.499867849 11.5445599282   
101 1111 0.00825565085194 7.3221049137 11.4349751264 1.1434975126401493e+01 11.4648727879 11.4939353175   
102 1122 0.00953616010409 7.84842002465 11.419596002 1.1419596002014305e+01 11.4473083033 11.4824905955   
103 1133 0.0102125753953 7.98219903571 11.419596002 1.1420324145166891e+01 11.4423609428 11.4930570969   
104 1144 0.0109852993671 8.1299676244 11.4020264802 1.1402026480244658e+01 11.4595167066 11.4851330888   
105 1155 0.0121696516155 8.27157349007 11.4020264802 1.1423687525869614e+01 11.4561062527 11.540175027   
106 1166 0.0126091213327 8.45072852859 11.3933602226 1.1393360222557952e+01 11.4501343921 11.5547858939   
107 1177 0.01333352296 8.62653429132 11.3835528818 1.1383552881779089e+01 11.4215669152 11.5263269992   
108 1188 0.0130393165906 8.7877122166 11.380324395 1.1380324395038118e+01 11.4518659605 11.4888634181   
109 1199 0.0125700811877 9.05310787219 11.3763768214 1.1376376821387835e+01 11.4448263977 11.4966350482   
110 1210 0.011975202837 9.23244573007 11.3608034053 1.1360803405302619e+01 11.4351734803 11.5175230449   
111 1221 0.0114074334836 9.40204907038 11.3485685719 1.1348568571924845e+01 11.4088364826 11.4499747874   
112 1232 0.0109766626785 9.52228170048 11.3485685719 1.1368269036337640e+01 11.3851560551 11.4082809054   
113 1243 0.0109645045586 9.6579126613 11.3272930311 1.1327293031107864e+01 11.3830836954 11.4559611421   
114 1254 0.0118211462477 9.63381608325 11.3208909542 1.1320890954204323e+01 11.3757417441 11.4597852048   
115 1265 0.0122108177646 9.66137327102 11.3156119056 1.1315611905647575e+01 11.3594487964 11.3998015913   
116 1276 0.0118603402866 10.04148281 11.3156119056 1.1324733826370135e+01 11.3626250101 11.4474865779   
117 1287 0.0118944688908 10.2077892458 11.3156119056 1.1324392490440662e+01 11.3584198895 11.4526070135   
118 1298 0.0123265397468 10.2328346815 11.3018193292 1.1301819329211192e+01 11.3447072555 11.4125327201   
119 1309 0.0130257101883 10.1489771281 11.2729510409 1.1272951040871865e+01 11.32299315 11.3877671034   
120 1320 0.0140844029444 10.1345299427 11.2446810534 1.1244681053426790e+01 11.3346975632 11.4450223352   
121 1331 0.0152492303301 10.0410299684 11.2424549037 1.1242454903662919e+01 11.319110159 11.4392891993   
122 1342 0.0150411226029 10.3512200633 11.2424549037 1.1247470524407445e+01 11.3133145938 11.4237586732   
123 1353 0.0158039666583 10.5710450237 11.2181936853 1.1218193685319831e+01 11.2536785704 11.3528974196   
124 1364 0.0164648420597 10.4551300178 11.1963938255 1.1196393825494187e+01 11.2690918914 11.372890258   
125 1375 0.0172889712667 10.4111008022 11.1891616423 1.1189161642345773e+01 11.2602631851 11.3454950686   
126 1386 0.0184149970476 10.4175476378 11.1463089893 1.1146308989285670e+01 11.2234325178 11.3240067354   
127 1397 0.0182855684021 10.7445916778 11.1030522532 1.1103052253242028e+01 11.2678843362 11.640044141   
128 1408 0.0193938441325 10.8604659829 11.1030522532 1.1133424945727286e+01 11.1926485444 11.260499042   
129 1419 0.0204859002582 11.3182499327 11.1030522532 1.1126987070063640e+01 11.2062788142 11.512489657   
130 1430 0.0218360670323 11.1700823617 10.9965757473 1.0996575747277770e+01 11.16188785 11.6340118416   
131 1441 0.0225311648293 11.2235778181 10.9965757473 1.1066619236482858e+01 11.1937894691 11.3640568352   
132 1452 0.0233434084547 11.1996385943 10.9965757473 1.1083254625893368e+01 11.2031310426 11.321647418   
133 1463 0.0231139905701 11.0261394566 10.9965757473 1.1070624635213155e+01 11.2858078691 11.4585634459   
134 1474 0.0229003192597 11.1670204343 10.9965757473 1.1125698821557306e+01 11.2601334369 11.6293543082   
135 1485 0.0228503058921 11.2625721759 10.9965757473 1.1002763858398836e+01 11.2260600536 11.6986193949   
136 1496 0.0241761359791 11.3615562011 10.9865080513 1.0986508051255171e+01 11.1458328057 11.433803828   
137 1507 0.0244869328128 11.2593758222 10.9629067907 1.0962906790731175e+01 11.1414072912 11.5820594151   
138 1518 0.0248693567984 10.9205982539 10.9336346462 1.0933634646211315e+01 11.121527982 11.3069054809   
139 1529 0.0275766511652 10.9394559528 10.8278875111 1.0827887511114389e+01 10.9708531726 11.3712988084   
140 1540 0.0296453125835 11.1151908218 10.8190537535 1.0819053753500159e+01 11.0569621299 11.8405670723   
141 1551 0.0319051817798 11.7344894352 10.7261930977 1.0726193097707494e+01 10.9234972219 11.4200430128   
142 1562 0.0313011058512 11.8134789173 10.7261930977 1.0758451816743687e+01 10.9713750069 11.9359960553   
143 1573 0.0296219756763 11.822189263 10.7261930977 1.0750678358508816e+01 11.1339735419 12.0919797114   
144 1584 0.0276122970188 11.5484204928 10.7126516206 1.0712651620552492e+01 11.0049234187 11.5129925983   
145 1595 0.0261806712969 11.3769885552 10.6936326377 1.0693632637701011e+01 10.8700754406 12.3950039392   
146 1606 0.0261332844978 11.4917484668 10.6485357614 1.0648535761436927e+01 10.9109049651 13.1227551007   
147 1617 0.0246869671895 11.0969016174 10.6229952763 1.0622995276287538e+01 10.7052143499 10.916462452   
148 1628 0.0234614390885 11.1509988707 10.5868741082 1.0586874108204697e+01 10.816870551 11.3636469434   
149 1639 0.0225212623327 10.7729215127 10.5529420653 1.0552942065271404e+01 10.7940133853 11.0753901608   
150 1650 0.0223137043435 10.8219239588 10.4860134082 1.0486013408248162e+01 10.6634720405 10.9444590991   
151 1661 0.0205691849999 10.4668857066 10.4860134082 1.0517273090559106e+01 10.6334099424 10.8271707982   
152 1672 0.0205501036014 10.3103508433 10.4836508316 1.0483650831601757e+01 10.6136124583 10.8622448854   
153 1683 0.0208010045048 10.1575489317 10.4661252424 1.0466125242427172e+01 10.5706895573 10.8882085176   
154 1694 0.0194876995622 9.85605600099 10.4661252424 1.0490665802801818e+01 10.674220197 10.9258383783   
155 1705 0.0180151245931 9.8787409945 10.4661252424 1.0473049631462246e+01 10.5271161623 10.9764299042   
156 1716 0.0158819557285 9.80408204737 10.4661252424 1.0471695766578911e+01 10.5822684411 10.6835524291   
157 1727 0.0149720016964 9.86485388836 10.440012335 1.0440012334993986e+01 10.5079672181 10.6057196049   
158 1738 0.0139061770885 10.0147673789 10.4385346488 1.0438534648827739e+01 10.5380129041 10.6846436672   
159 1749 0.0143306933534 9.90586719176 10.3738442092 1.0373844209249841e+01 10.4600356632 10.574981886   
160 1760 0.0140164168654 10.0297263167 10.3700704536 1.0370070453618585e+01 10.4946331438 10.5943793898   
161 1771 0.0139498374677 9.54162390137 10.3700704536 1.0378444907943736e+01 10.4480953253 10.5345161192   
162 1782 0.0147012651154 9.48481560143 10.3352453774 1.0335245377361819e+01 10.4204933713 10.4952299364   
163 1793 0.0156819227663 9.5710472468 10.3046164263 1.0304616426308648e+01 10.4018331264 10.5007176129   
164 1804 0.0150355695084 9.7780655585 10.3046164263 1.0307623016164399e+01 10.3562417838 10.4281204219   
165 1815 0.0159550576064 9.89514675685 10.2163797808 1.0216379780834473e+01 10.3304949553 10.4382335054   
166 1826 0.0181565081854 10.0470246532 10.1951440615 1.0195144061518226e+01 10.2658736188 10.4218346758   
167 1837 0.0205070513385 10.0487213082 10.1951440615 1.0211693909413793e+01 10.3028104192 10.4104870881   
168 1848 0.022221798855 9.97800859964 10.1951440615 1.0320592372352586e+01 10.3854283006 10.6280586451   
169 1859 0.0235060441064 10.2185426113 10.1146980483 1.0114698048336168e+01 10.3580453459 10.5181212363   
170 1870 0.0253588543986 10.5458338886 10.1146980483 1.0180663039576448e+01 10.3188691444 10.709842831   
171 1881 0.0264019574761 10.7446445818 10.0757686195 1.0075768619494406e+01 10.2801606883 10.6529044918   
172 1892 0.0262334455697 10.8653212017 10.0405357463 1.0040535746297177e+01 10.316778859 10.7654728705   
173 1903 0.0262111554982 11.0256859284 10.0405357463 1.0042410860186342e+01 10.2568096351 10.5717901779   
174 1914 0.0256947061124 11.2634748619 10.0403656936 1.0040365693639187e+01 10.207702255 10.3150103279   
175 1925 0.025673334562 11.4978748564 10.0140321845 1.0014032184513271e+01 10.1948072586 10.4405927516   
176 1936 0.0263298479576 11.6957764552 9.98129661945 9.9812966194472033e+00 10.1682052061 10.331558892   
177 1947 0.0269630477851 11.6315430856 9.89279386493 9.8927938649331288e+00 10.2580750374 10.6394837464   
178 1958 0.0279806040365 11.6413545676 9.89279386493 9.9914702045247772e+00 10.082554574 10.3936418816   
179 1969 0.0300678370271 11.4025037037 9.89279386493 9.9370561614303465e+00 10.2161197187 10.8967211944   
180 1980 0.0297036782578 11.1411039489 9.86367746569 9.8636774656905306e+00 10.1000517434 10.3536746134   
181 1991 0.0276817440348 11.2346049007 9.83685065529 9.8368506552945583e+00 10.0514080243 10.5281640795   
182 2002 0.0285544890232 11.1118858409 9.77509566807 9.7750956680749432e+00 10.0031674478 10.1494202639   
183 2013 0.0293826483956 11.3064112248 9.77509566807 9.8103869834753130e+00 10.0859521267 10.3930509291   
184 2024 0.0302963760098 11.1564777278 9.77509566807 9.9212777640940644e+00 10.0713397807 10.3644751077   
185 2035 0.0310714866143 10.7682606719 9.77509566807 9.8572575807761389e+00 10.0634916485 10.6225375277   
186 2046 0.0302798323278 11.2363568491 9.77509566807 9.9277998703670569e+00 10.0873140211 10.3120180763   
187 2057 0.0292157875928 11.5045129124 9.74484961506 9.7448496150603958e+00 9.92968603286 11.2478767901   
188 2068 0.027618666495 11.4935867632 9.74484961506 9.8360717411022787e+00 9.92540974341 10.3273018253   
189 2079 0.0254071894437 11.4768385453 9.74484961506 9.7763792834270831e+00 10.0309752363 10.2747278594   
190 2090 0.02468457656 11.4008552419 9.72355954736 9.7235595473605780e+00 9.97266985248 10.0243748864   
191 2101 0.0246041096769 11.1222563363 9.70048436707 9.7004843670684995e+00 9.93273012424 10.5157670485   
192 2112 0.0241838883776 11.0636884798 9.55646822949 9.5564682294908767e+00 9.76360999863 10.0705130335   
193 2123 0.0246378379074 10.9586007257 9.55646822949 9.6042374265307231e+00 9.70873527103 10.0340852119   
194 2134 0.0255055826519 10.8798965644 9.55433373621 9.5543337362065728e+00 9.65528319911 9.82730255211   
195 2145 0.0263283703924 10.7919270432 9.51691522749 9.5169152274886013e+00 9.63160149284 9.7689175191   
196 2156 0.0288457131771 10.9717055584 9.35612772831 9.3561277283088078e+00 9.69251009768 9.75351621554   
197 2167 0.0295440673725 11.4323098216 9.35612772831 9.4351902165588548e+00 9.58688046502 10.0014071824   
198 2178 0.0306298221584 11.5788066279 9.35612772831 9.4559860670628062e+00 9.66364597336 9.88008800601   
199 2189 0.0330680365272 11.7204296939 9.24160900657 9.2416090065739116e+00 9.63282741573 10.2042265209   
200 2200 0.0345090410869 11.7991283493 9.24160900657 9.3486402872775205e+00 9.53414967463 9.82659106656   
201 2211 0.0322328362565 11.7634111281 9.24160900657 9.3734162118150408e+00 9.54783622411 10.3673637699   
202 2222 0.0301492900935 11.6528835507 9.24160900657 9.3153645895108017e+00 9.56585345992 9.72385911059   
203 2233 0.0278905087824 11.4940491203 9.24160900657 9.3994980955929321e+00 9.49172608564 9.96564692511   
204 2244 0.0264164873731 11.5765755949 9.24160900657 9.2994352676666683e+00 9.40774373257 9.75087769342   
205 2255 0.0267985573506 11.5700385388 9.20817286926 9.2081728692573357e+00 9.28683064453 9.60864639304   
206 2266 0.0269885892216 12.0279309654 9.18044036923 9.1804403692264263e+00 9.36449507125 10.1492466288   
207 2277 0.0282239455436 11.7811241802 9.06744657673 9.0674465767265691e+00 9.37042628846 9.64016587252   
208 2288 0.0286379969831 11.8914038769 9.05057767231 9.0505776723070905e+00 9.34464425223 9.92788985825   
209 2299 0.028490406043 12.3478170154 8.97331177755 8.9733117775538425e+00 9.19697901789 9.79459620978   
210 2310 0.0302185133638 12.2339413958 8.97331177755 8.9838432978948877e+00 9.14907801642 9.4107363779   
211 2321 0.0342217831699 12.3704921993 8.92077992859 8.9207799285869100e+00 9.16769995712 9.509770475   
212 2332 0.0385746793246 12.9519500602 8.92077992859 9.0146216391187135e+00 9.19632126545 10.0305921587   
213 2343 0.0418707142187 13.0743822749 8.88846900192 8.8884690019206811e+00 9.45203993685 10.6202264058   
214 2354 0.0462103129149 13.5206119465 8.88846900192 8.9900525350095553e+00 9.44614930074 10.6307765143   
215 2365 0.0490359714662 13.8154058513 8.88846900192 9.1503571465298670e+00 9.81375372331 10.2440597372   
216 2376 0.04682215222 13.5501479332 8.88846900192 9.1633740468424207e+00 9.83215519142 11.1863282462   
217 2387 0.0468079938464 13.3343266128 8.88846900192 8.9603102447303673e+00 9.57628081508 10.4948778222   
218 2398 0.0468779983471 13.5153444318 8.88846900192 9.2054496072370444e+00 9.48217599247 10.352119192   
219 2409 0.0471498655055 13.4519045006 8.88846900192 9.1811263277454795e+00 9.71820658177 10.532372396   
220 2420 0.0454528579994 13.3286320242 8.88846900192 9.2650379214188536e+00 9.88646233197 10.4582450491   
221 2431 0.0426908598817 13.4474024884 8.88846900192 9.1598688602948553e+00 9.78375533639 11.2812020117   
222 2442 0.0405992855691 13.6417954723 8.88846900192 8.9784029198893816e+00 9.50071796598 10.6550852577   
223 2453 0.0396924412013 13.4344822986 8.84390604051 8.8439060405143604e+00 9.45728651817 11.0091701449   
224 2464 0.0374552786565 13.3018016543 8.82715307709 8.8271530770926407e+00 9.11429878188 10.0487564813   
225 2475 0.0364545045104 13.2866183281 8.5845318121 8.5845318121031067e+00 9.19033839868 9.93690929605   
226 2486 0.0364821463814 12.8870952634 8.5845318121 8.7593845011158518e+00 9.05199984495 9.72040446242   
227 2497 0.0345480817803 12.5980468707 8.5845318121 8.5992569063182565e+00 8.96794618654 9.34614581018   
228 2508 0.0336135889856 12.2747495019 8.5845318121 8.6281452381363408e+00 8.85531529121 9.18715300534   
229 2519 0.0311714540653 12.3602297846 8.5845318121 8.6584355572662091e+00 8.8799396124 10.5431979181   
230 2530 0.0300555069746 12.0468671238 8.45561597114 8.4556159711382577e+00 8.85130565653 9.2942784246   
231 2541 0.0276490413111 11.8086199101 8.44364375739 8.4436437573878322e+00 8.73082284782 9.00176896663   
232 2552 0.0276720210268 11.6901360641 8.37082532332 8.3708253233206893e+00 8.5262584167 8.68471385256   
233 2563 0.0278162548493 11.7686488437 8.37082532332 8.4422690264638955e+00 8.53368823278 8.9968799577   
234 2574 0.0271370729158 11.9510097728 8.37082532332 8.3957683274882804e+00 8.49885936611 8.83870500146   
235 2585 0.0276592106659 12.1675987939 8.29210754517 8.2921075451747797e+00 8.47967137154 8.76592829295   
236 2596 0.0289429662186 12.2560862775 8.27861523688 8.2786152368822261e+00 8.51560645449 8.67863883014   
237 2607 0.0304528535494 12.441540511 8.2392464247 8.2392464247034720e+00 8.45577818139 8.69542968778   
238 2618 0.031755507447 12.4179724851 8.20584683788 8.2058468378813973e+00 8.64378221538 8.86144335442   
239 2629 0.0327918311942 12.7343743114 8.20584683788 8.3478061479750938e+00 8.45770472359 8.61945907267   
240 2640 0.0339316975632 12.8030138719 8.09317252669 8.0931725266876153e+00 8.49746400571 8.80806847956   
241 2651 0.0341080115213 13.4479461402 8.09317252669 8.1154549073032616e+00 8.45623493163 9.82824323481   
242 2662 0.0339342684864 13.5437706359 8.08665939754 8.0866593975375292e+00 8.25459799686 9.19655514364   
243 2673 0.0337781444079 13.3761430874 8.08665939754 8.2571149102172665e+00 8.33810786984 8.77776337813   
244 2684 0.034307992386 13.2612049091 8.08665939754 8.1952717021768056e+00 8.33339650352 8.79751028805   
245 2695 0.0324445728573 13.2984582093 8.08665939754 8.2073224082770064e+00 8.44185589603 9.24427034439   
246 2706 0.0318620352006 13.2263462019 8.08665939754 8.2081457967407374e+00 8.38374594887 9.21362008096   
247 2717 0.0322649889831 12.8410185845 8.08665939754 8.2070252314739278e+00 8.48624663724 8.77114775884   
248 2728 0.0311353655161 12.8021549468 8.08665939754 8.1551950942958271e+00 8.3818461014 8.70906944731   
249 2739 0.0296017928879 12.5537157214 8.08665939754 8.1134376496744451e+00 8.41797937893 9.51163475747   
250 2750 0.0285393247147 12.2746922452 7.98476220063 7.9847622006265393e+00 8.17543333159 8.57957675549   
251 2761 0.0260416688594 12.2900096168 7.98476220063 8.0010058107869906e+00 8.14867943672 8.50407175013   
252 2772 0.0241768730238 12.2669201571 7.94719781011 7.9471978101098619e+00 8.06110354972 8.25673725793   
253 2783 0.0221837326117 12.1487798924 7.94719781011 7.9634192533279169e+00 8.11929548256 8.40039327352   
254 2794 0.0204529960261 12.1230340328 7.92651320434 7.9265132043391402e+00 8.03691256234 8.12033637612   
255 2805 0.0203664870404 12.0768716401 7.91140949606 7.9114094960550894e+00 7.9703816341 8.09226784488   
256 2816 0.0196872948433 11.9973704632 7.87093810899 7.8709381089862829e+00 7.9477186927 8.07038598611   
257 2827 0.0188252366736 11.9457244202 7.86497424498 7.8649742449767146e+00 7.9394301825 8.22309376482   
258 2838 0.018712996293 11.8976913032 7.85049511127 7.8504951112706323e+00 7.92474822781 7.97718729756   
259 2849 0.0186840021615 12.312798162 7.83869908862 7.8386990886194301e+00 7.92044422213 8.01184628168   
260 2860 0.0193294349832 12.4852102097 7.81235812928 7.8123581292827327e+00 7.88129873844 8.00113739749   
261 2871 0.0209049957997 12.0598363751 7.80867383049 7.8086738304881580e+00 7.90821747925 8.06657403432   
262 2882 0.0205927848096 12.0202725478 7.80143402238 7.8014340223811001e+00 7.90580670557 7.96662034021   
263 2893 0.0209681662543 11.7859974132 7.79815992274 7.7981599227356071e+00 7.87691496282 8.15368121639   
264 2904 0.0211209580766 11.9502171758 7.69675735807 7.6967573580741826e+00 7.85269864617 8.07774220547   
265 2915 0.0220526179594 12.0615541742 7.69675735807 7.7253246539314642e+00 7.78258352874 7.92706593454   
266 2926 0.0217635531603 11.3869005022 7.69440472992 7.6944047299205049e+00 7.79431724644 7.85935856971   
267 2937 0.022256505039 11.3891739195 7.65933383172 7.6593338317164950e+00 7.76056459668 7.96276916771   
268 2948 0.023098471573 11.502929877 7.62185326952 7.6218532695186116e+00 7.73559595779 7.96161476329   
269 2959 0.0230401187209 11.4719495838 7.59555969895 7.5955596989477714e+00 7.7450778654 8.06273016212   
270 2970 0.0228038632028 11.4728399282 7.56484396782 7.5648439678172608e+00 7.72091290465 7.86259856459   
271 2981 0.0249447560555 11.5589926546 7.49399492085 7.4939949208548189e+00 7.68965609251 7.85973032574   
272 2992 0.0275741351175 11.4827912959 7.48207094961 7.4820709496084286e+00 7.65666610523 7.7979741007   
273 3003 0.0307774705574 11.3282943566 7.4673098639 7.4673098638961886e+00 7.58574935044 8.10424369363   
274 3014 0.0337769608806 11.4730389263 7.41197292652 7.4119729265202405e+00 7.54717753174 7.73363208367   
275 3025 0.0364689313146 11.851008305 7.37518133707 7.3751813370657580e+00 7.53238808413 7.86397084223   
276 3036 0.0391993480785 12.3492818448 7.37518133707 7.4518079706362332e+00 7.49967762242 7.6682879192   
277 3047 0.0407529029304 12.2457097886 7.37518133707 7.4097244334097976e+00 7.61875410334 7.94740501669   
278 3058 0.044604298423 12.2312558575 7.31053785635 7.3105378563479908e+00 7.50665726633 7.68964815735   
279 3069 0.0440479125005 12.4952887546 7.31053785635 7.4502797267549674e+00 7.71988382157 8.40454464606   
280 3080 0.0454085266669 12.4342317695 7.31053785635 7.3171870235536414e+00 7.55562370386 8.77356983733   
281 3091 0.04304943114 12.5546365738 7.31053785635 7.3345792725139072e+00 7.57802582156 8.02420775792   
282 3102 0.0414135899425 12.4347847122 7.31053785635 7.3209529425736841e+00 7.65769615156 8.12939469076   
283 3113 0.0374264746848 12.1641792537 7.3005852734 7.3005852734028753e+00 7.49200574861 8.36008026792   
284 3124 0.0365146484829 12.2172306457 7.2329927497 7.2329927497000739e+00 7.49286867067 7.82441631583   
285 3135 0.0351258708194 12.1916180419 7.15665687647 7.1566568764736633e+00 7.44564184119 7.60230227071   
286 3146 0.0335758453308 12.3505723102 7.129845519 7.1298455189994678e+00 7.3184789501 7.72689916156   
287 3157 0.0338592595812 12.2272274015 7.0457166684 7.0457166684009840e+00 7.2679734753 7.41093599528   
288 3168 0.0354936079929 12.3129477006 6.99708828127 6.9970882812741149e+00 7.29169196695 7.56584708471   
289 3179 0.035242670301 12.276999075 6.99708828127 7.0357899226219498e+00 7.16469791947 8.08839064682   
290 3190 0.0365575203069 12.5926594604 6.99708828127 7.0631225933737447e+00 7.23508913301 7.33955540008   
291 3201 0.0379812748122 12.8344420397 6.95156954488 6.9515695448848760e+00 7.11367649563 7.62217078802   
292 3212 0.0423357436164 12.882084449 6.82635759444 6.8263575944368311e+00 7.11188461788 7.36839423704   
293 3223 0.0452842472718 12.7812674934 6.82635759444 6.9377701479487879e+00 7.11116424202 7.55408151534   
294 3234 0.044972361244 12.8725558884 6.82635759444 6.9968094962720979e+00 7.15319809743 7.63074295406   
295 3245 0.0423036831809 12.1339657173 6.76861910761 6.7686191076098305e+00 7.1563349009 7.67682780429   
296 3256 0.0410149804997 12.1755738959 6.74758297312 6.7475829731177441e+00 7.0673200894 7.78573191429   
297 3267 0.040906851411 12.2836598924 6.74758297312 6.7791756279889244e+00 6.95677813919 7.32682934188   
298 3278 0.0408920940441 12.142938426 6.61471394719 6.6147139471909684e+00 6.97039051653 7.23517223797   
299 3289 0.0424504954524 11.8824853309 6.61471394719 6.7002836248685531e+00 6.98326472864 7.25921874925   
300 3300 0.0420192998628 12.3330648931 6.61471394719 6.6391955510775231e+00 6.78075409536 7.80076354684   
301 3311 0.040660846602 12.2007213259 6.61471394719 6.6767258471177300e+00 6.78907795102 7.49824832734   
302 3322 0.0401880402493 12.0289650896 6.61471394719 6.6519756654853541e+00 6.71343837495 7.25519948623   
303 3333 0.0386499895681 11.9377086542 6.47796247304 6.4779624730413383e+00 6.78628933774 7.12171680297   
304 3344 0.0361741543225 11.8550488073 6.47796247304 6.5018148814815246e+00 6.76388872794 7.0491858685   
305 3355 0.0354179803042 11.7581900121 6.42997798914 6.4299779891372300e+00 6.63178134458 6.87646516987   
306 3366 0.0337058867289 11.6655419482 6.33088777069 6.3308877706888920e+00 6.62425331767 6.93792139421   
307 3377 0.0328246923668 11.7462017185 6.33088777069 6.3858606901027750e+00 6.5112207617 6.96437694408   
308 3388 0.0315770814431 11.7335679807 6.33088777069 6.3546176377656893e+00 6.54151249579 6.88680677265   
309 3399 0.030076490569 11.774631611 6.33088777069 6.3587065443962487e+00 6.49065310737 6.7349528052   
310 3410 0.0281610368547 11.7739754694 6.33088777069 6.3519603650544338e+00 6.47231128862 6.65751695266   
311 3421 0.0264980134097 11.6392869467 6.33088777069 6.3331260337071509e+00 6.45670748434 6.59178145665   
312 3432 0.024489741977 11.4635982312 6.33088777069 6.3465026895216772e+00 6.42054015155 6.59999595251   
313 3443 0.0231641760213 11.5222529628 6.31290721221 6.3129072122133838e+00 6.41964810455 6.54049762119   
314 3454 0.0225644088156 11.2729528709 6.25182067072 6.2518206707222470e+00 6.37840629174 6.5466439574   
315 3465 0.0219362471643 11.3877080467 6.25182067072 6.2590574889938573e+00 6.32781213374 6.46590024402   
316 3476 0.0209764942254 11.7270720154 6.25182067072 6.2707940277532828e+00 6.35864759558 6.42866863002   
317 3487 0.0197556898547 12.0112458402 6.24731722444 6.2473172244401569e+00 6.29368452875 6.34804497787   
318 3498 0.0179263030313 12.1102858689 6.21108050153 6.2110805015266299e+00 6.2654985221 6.36048030511   
319 3509 0.0176351540453 12.2359914037 6.17522399714 6.1752239971410816e+00 6.21520854173 6.26555729243   
320 3520 0.0182776736892 12.2009200762 6.13923739134 6.1392373913420037e+00 6.18754947838 6.28207647139   
321 3531 0.0188883292077 12.3465806559 6.11115868336 6.1111586833607650e+00 6.17215543486 6.26608226183   
322 3542 0.0193363088527 12.3569300788 6.05968783491 6.0596878349085461e+00 6.17767424155 6.25550920649   
323 3553 0.0203945527169 12.2767260239 6.05968783491 6.0693913272577547e+00 6.12455089339 6.19432834937   
324 3564 0.0215509625669 12.3049167322 6.05968783491 6.0745220822454185e+00 6.13712035629 6.20055570113   
325 3575 0.0224115343292 12.3958970993 6.0540450476 6.0540450475987635e+00 6.11985463156 6.21970522293   
326 3586 0.0243030332809 12.4770313812 6.0214575924 6.0214575923959019e+00 6.11264979704 6.26317955905   
327 3597 0.0262013810747 12.4805621037 5.9802996639 5.9802996639046357e+00 6.06965515252 6.30566298603   
328 3608 0.0290877834744 12.6618831934 5.93134958637 5.9313495863712449e+00 6.06768161617 6.33504532388   
329 3619 0.031457266775 12.4156247375 5.88920645108 5.8892064510768281e+00 6.00777313566 6.18042143307   
330 3630 0.0349288046889 12.4797684811 5.88454074411 5.8845407441052275e+00 6.0387600462 6.25839599627   
331 3641 0.037246736991 12.7027278655 5.88454074411 5.9297266943638283e+00 6.06172332045 6.25186352974   
332 3652 0.038953067943 12.6833110951 5.88454074411 5.9045056194110845e+00 6.03473902582 6.24307568402   
333 3663 0.0391292026907 12.9433190702 5.88454074411 5.8856908709558571e+00 5.95003943364 6.16733352447   
334 3674 0.0402880157603 13.3172348073 5.69394996448 5.6939499644783140e+00 5.94551859906 6.27817969427   
335 3685 0.042491391373 13.7985802455 5.58828013737 5.5882801373690949e+00 5.8647776617 6.26622742722   
336 3696 0.043810150745 14.2299314166 5.58828013737 5.7025932291775474e+00 5.84232172753 6.20238181512   
337 3707 0.0432453863816 14.3422657609 5.58828013737 5.6201916213203251e+00 5.94858835696 6.19139484089   
338 3718 0.0448723158255 14.4781804362 5.51705795035 5.5170579503515578e+00 5.78281902391 6.01736404376   
339 3729 0.0452235658951 14.8868664962 5.51705795035 5.5478537896544937e+00 5.68805519603 6.18659421462   
340 3740 0.044022584075 15.4177815183 5.51705795035 5.6010066316217966e+00 5.73250881836 6.38931144198   
341 3751 0.0425441550676 15.6070400746 5.51705795035 5.6321978587640835e+00 5.85651340364 6.81867450993   
342 3762 0.0424644775812 15.5567548971 5.50677234242 5.5067723424166459e+00 5.80557193565 6.12930153544   
343 3773 0.0411460150589 15.5531913304 5.50677234242 5.5138484091380588e+00 5.71413713349 5.99271069054   
344 3784 0.0400960377006 15.3992319001 5.50677234242 5.5586864776542502e+00 5.75398355177 6.57084052266   
345 3795 0.0386590318165 14.9273302106 5.47684198629 5.4768419862902977e+00 5.73249334492 5.87794592464   
346 3806 0.0368357202095 15.0477615451 5.43474883326 5.4347488332583964e+00 5.74487829616 6.07177348216   
347 3817 0.0348199144258 14.8822880286 5.38658888389 5.3865888838855973e+00 5.57556129209 5.99244058828   
348 3828 0.0328727843811 14.5174197257 5.38658888389 5.3906699116079491e+00 5.45584241206 5.90145549452   
349 3839 0.0319246807519 14.5816582229 5.32306747035 5.3230674703453404e+00 5.4565155744 5.71385463662   
350 3850 0.0302943312634 14.831482461 5.32306747035 5.3327164872901598e+00 5.41860908213 5.68939475395   
351 3861 0.0292889790083 14.709856173 5.30187829096 5.3018782909648037e+00 5.42435046576 5.58756984958   
352 3872 0.0282573376439 14.4908367073 5.30187829096 5.3405791517371242e+00 5.43424528757 5.68964634779   
353 3883 0.0293032397232 14.6520088346 5.22956540157 5.2295654015731561e+00 5.38543858871 5.60141818163   
354 3894 0.0287074060089 15.1096003942 5.207705001 5.2077050009981622e+00 5.33074800418 5.50007287837   
355 3905 0.0278805005629 15.2370000942 5.20342882215 5.2034288221451535e+00 5.30791798611 5.6259229035   
356 3916 0.0263719100897 14.9695952834 5.19227366262 5.1922736626225419e+00 5.28627701409 5.46852127132   
357 3927 0.0259543035604 14.6497664221 5.18055814806 5.1805581480574112e+00 5.23237218655 5.50832655455   
358 3938 0.0253558608995 14.5487473126 5.13573326152 5.1357332615184985e+00 5.22979502842 5.37866851777   
359 3949 0.0256798301216 14.4414612117 5.11887304399 5.1188730439873709e+00 5.19853170733 5.41325173223   
360 3960 0.0275635841534 14.1052139396 5.08687924318 5.0868792431847147e+00 5.16892946998 5.33376270872   
361 3971 0.0284263301419 13.7934920398 5.05803874669 5.0580387466899879e+00 5.13277795285 5.23001650596   
362 3982 0.0311065597449 13.7594958913 5.05803874669 5.0801544056719488e+00 5.1455537527 5.29418268848   
363 3993 0.0350436844467 13.8982568226 5.04705442901 5.0470544290142207e+00 5.20241449511 5.31639774279   
364 4004 0.0375725450966 13.8554435961 5.02769362638 5.0276936263840755e+00 5.1132051922 5.37614693353   
365 4015 0.0389179629119 13.826744901 5.00281142377 5.0028114237726875e+00 5.14601354338 5.40189105011   
366 4026 0.0409908339062 13.876852507 4.96749255698 4.9674925569831689e+00 5.15543459286 5.28395182534   
367 4037 0.0420949933389 13.7978230861 4.95129880701 4.9512988070112991e+00 5.14867339656 5.35425883038   
368 4048 0.0449628340277 14.2175729688 4.82119668683 4.8211966868291851e+00 5.07927127859 5.36075166661   
369 4059 0.0464914613356 14.5011791594 4.82119668683 4.9058012953244061e+00 5.02902798915 5.32634281166   
370 4070 0.0478652921711 14.7329659572 4.82119668683 4.9569194881716694e+00 5.14092734216 5.34835224332   
371 4081 0.0458139779063 14.5803707073 4.82119668683 4.8226891808620556e+00 5.12146975754 5.41932300006   
372 4092 0.0449673086639 14.7213156504 4.82119668683 4.8780043058918192e+00 5.03226959747 5.27722830661   
373 4103 0.0442740073908 14.9417787649 4.82119668683 4.8400825674505716e+00 5.01300061868 5.1921388396   
374 4114 0.0428267054411 14.8293970984 4.82119668683 4.8779738744503360e+00 5.01457348809 5.29279526168   
375 4125 0.0418068837737 14.236012711 4.82119668683 4.9795608486290455e+00 5.05131326638 5.60878732561   
376 4136 0.0382289183629 14.1647239081 4.82119668683 4.8259151409891352e+00 4.95512433955 5.35014902253   
377 4147 0.0371430211632 14.189164535 4.78331677471 4.7833167747110483e+00 4.88073306908 5.05487939314   
378 4158 0.0349031671647 14.8271011139 4.78331677471 4.7941868423823371e+00 4.90180056812 5.00508008058   
379 4169 0.0348415567195 14.5475351248 4.72556198366 4.7255619836600555e+00 4.83544691063 5.1384534847   
380 4180 0.0348518823495 14.5798673862 4.72556198366 4.7539596245257805e+00 4.79856540552 5.0752852829   
381 4191 0.0333674473932 14.4312438445 4.71424423057 4.7142442305656358e+00 4.89728322634 4.99335471513   
382 4202 0.0320980094262 14.431688771 4.71424423057 4.7576647775446395e+00 4.8161053546 4.88039695446   
383 4213 0.0305654126871 14.4188599048 4.71424423057 4.7245543524009728e+00 4.83777183546 4.97581280817   
384 4224 0.0313852183417 14.3867951435 4.65916738365 4.6591673836536680e+00 4.85239054707 4.92463553454   
385 4235 0.0313288060983 13.9769122064 4.65916738365 4.6905542166474827e+00 4.75466003995 4.91949146183   
386 4246 0.0307468776603 13.9106694381 4.6413976418 4.6413976417994256e+00 4.81033179949 4.9164836578   
387 4257 0.0296299754555 13.95435557 4.6413976418 4.6587331117695436e+00 4.75559231496 4.91880458622   
388 4268 0.0294942772783 13.8373678272 4.6413976418 4.6530320296078962e+00 4.72923378635 4.88716517496   
389 4279 0.028654370129 14.0373097716 4.6238452105 4.6238452104988061e+00 4.6843722808 4.82803306109   
390 4290 0.028057932458 13.7803415994 4.61715051944 4.6171505194401341e+00 4.67789944336 4.75976852802   
391 4301 0.0265804882299 13.6368871339 4.60125102354 4.6012510235403719e+00 4.65217930535 4.82564882758   
392 4312 0.0263979633493 13.4375628381 4.54923187185 4.5492318718493632e+00 4.60635314074 4.68320671071   
393 4323 0.0254644041575 13.9789840379 4.54923187185 4.5646269675402653e+00 4.59859721509 4.70158358664   
394 4334 0.0253980916012 13.7732653051 4.54923187185 4.5575620422811731e+00 4.63687533662 4.76477219771   
395 4345 0.0250335606246 13.9509613084 4.54854883538 4.5485488353794343e+00 4.60515596588 4.69214626202   
396 4356 0.0242435486593 14.1502841502 4.52388782244 4.5238878224383292e+00 4.57439839715 4.6840013763   
397 4367 0.0234641240945 14.2960446281 4.52388782244 4.5408380306734575e+00 4.57407395436 4.62012682709   
398 4378 0.0224037640241 14.3349141245 4.51224539857 4.5122453985683242e+00 4.57483527349 4.62705148699   
399 4389 0.0219639970304 14.2426507878 4.50507687007 4.5050768700742942e+00 4.54233441142 4.6772577605   
400 4400 0.0212602255126 13.9659046006 4.49098816969 4.4909881696872809e+00 4.54624919113 4.57889171741   
401 4411 0.0207186660317 13.9722281799 4.46022324302 4.4602232430241422e+00 4.51689422275 4.56163104031   
402 4422 0.019953013827 14.230829649 4.46022324302 4.4740372345175867e+00 4.53210391269 4.61518996814   
403 4433 0.02032477351 14.2230412369 4.46022324302 4.4622279835896457e+00 4.48333984046 4.5089139033   
404 4444 0.0187733863184 14.7402469731 4.46022324302 4.4751447803730251e+00 4.49138724638 4.52737235084   
405 4455 0.0178843527758 14.9524813506 4.45377585292 4.4537758529159488e+00 4.50472791537 4.56472982437   
406 4466 0.0173802961563 14.9703149419 4.43167346829 4.4316734682850667e+00 4.46466266403 4.52663837315   
407 4477 0.0184352427437 15.0612279743 4.40674443773 4.4067444377285883e+00 4.45873584914 4.48913103598   
408 4488 0.0194737381638 15.4486055759 4.39255688209 4.3925568820879457e+00 4.42632252541 4.48521762384   
409 4499 0.0202618732396 15.8794728917 4.38675989458 4.3867598945844062e+00 4.41488444015 4.47949811539   
410 4510 0.0196569822599 16.4052437056 4.38675989458 4.3920768138313564e+00 4.42542355607 4.44819936941   
411 4521 0.0211939002331 16.7759228351 4.36885128182 4.3688512818150826e+00 4.42242154143 4.46878666152   
412 4532 0.0223374716404 18.0605526766 4.35597172191 4.3559717219116623e+00 4.38992021491 4.41820502635   
413 4543 0.0217617012591 18.5463928546 4.35279294362 4.3527929436156967e+00 4.39832136883 4.45356532396   
414 4554 0.022472077617 18.2515152998 4.32300946799 4.3230094679857523e+00 4.38102528623 4.43711742516   
415 4565 0.0258541956678 19.0969226983 4.29834172345 4.2983417234455326e+00 4.34331655169 4.39121352257   
416 4576 0.0283703513096 19.9031898202 4.29834172345 4.3079935879720495e+00 4.35049484322 4.42660526131   
417 4587 0.0296374966243 20.0553499275 4.29834172345 4.3066888438194022e+00 4.35857269105 4.49927415181   
418 4598 0.0309099183782 20.2623154385 4.29834172345 4.3184469113240738e+00 4.37177459329 4.54824879458   
419 4609 0.0304473908866 19.8811445873 4.29834172345 4.3100268426813653e+00 4.35246254292 4.43425397104   
420 4620 0.0302869334161 19.4721771914 4.29834172345 4.3068074770134039e+00 4.36432404019 4.4734621486   
421 4631 0.0278802175505 19.6333287028 4.27155278868 4.2715527886845130e+00 4.34643121826 4.47457209327   
422 4642 0.0271198538201 19.3613021247 4.25486078121 4.2548607812095947e+00 4.34054582759 4.41135180037   
423 4653 0.0248240110911 19.6550147246 4.25486078121 4.2574578406029948e+00 4.28908332758 4.36328352014   
424 4664 0.0245588973606 19.7806866542 4.25486078121 4.2692335717625838e+00 4.31295174334 4.39778168629   
425 4675 0.0257530093187 19.7892348659 4.25486078121 4.2658468580581124e+00 4.29676976023 4.35461453419   
426 4686 0.0254575525825 20.5540053562 4.25317569942 4.2531756994175298e+00 4.32696113084 4.38224402101   
427 4697 0.0244895218518 21.3232656683 4.24933858511 4.2493385851062202e+00 4.30073901147 4.33309358391   
428 4708 0.023949925752 21.5587285884 4.24846875265 4.2484687526471641e+00 4.28039539626 4.30990378062   
429 4719 0.0240078381663 21.2953166132 4.22672022075 4.2267202207514423e+00 4.28626384476 4.34005732401   
430 4730 0.023686204086 20.9224383531 4.22672022075 4.2391707793062636e+00 4.30064651884 4.33108490903   
431 4741 0.0235079599158 20.7280161299 4.22672022075 4.2340155066364797e+00 4.25841773173 4.32942018865   
432 4752 0.0237701163579 20.8311373515 4.21696285801 4.2169628580061351e+00 4.24582391458 4.30449199069   
433 4763 0.0232636244334 21.4096092851 4.21696285801 4.2184834598280068e+00 4.25464140706 4.35485301502   
434 4774 0.0221180061729 21.0791807652 4.20527946688 4.2052794668778128e+00 4.2466579609 4.30848116951   
435 4785 0.0219715721344 21.0576777788 4.20527946688 4.2067676261344884e+00 4.23025072585 4.26409604468   
436 4796 0.0214249688684 21.2526365378 4.19833723891 4.1983372389118649e+00 4.24230867883 4.28856154685   
437 4807 0.0219722400932 21.1634796748 4.18487773098 4.1848777309761358e+00 4.2183994496 4.24746418012   
438 4818 0.0219289648092 21.3547282415 4.16716734775 4.1671673477494311e+00 4.20170820461 4.24823742566   
439 4829 0.0218558843654 21.6167056807 4.16716734775 4.1678439752153702e+00 4.19385802653 4.23758895398   
440 4840 0.0206187088905 21.6347819903 4.16716734775 4.1754522078152450e+00 4.19869467386 4.29818961956   
441 4851 0.0185121931685 21.6447490438 4.16716734775 4.1709982690248397e+00 4.20595287605 4.235797893   
442 4862 0.0186886467285 21.3029215791 4.16412832846 4.1641283284619401e+00 4.19940406556 4.21025450288   
443 4873 0.0199073557838 21.0203379194 4.14764302226 4.1476430222620682e+00 4.18353679583 4.2170333751   
444 4884 0.0192877329248 21.5113403867 4.14764302226 4.1587412419308158e+00 4.17773740361 4.1945946594   
445 4895 0.0180957676541 22.1580379074 4.14764302226 4.1564661605168594e+00 4.168789905 4.2003869785   
446 4906 0.0172678652321 22.4177433234 4.14764302226 4.1491961603853822e+00 4.16628979939 4.19734845477   
447 4917 0.0177596815246 22.5094996878 4.13833709791 4.1383370979124807e+00 4.15664461496 4.18007188762   
448 4928 0.0180441352766 23.2129322556 4.12186554951 4.1218655495073619e+00 4.14928072608 4.17906778284   
449 4939 0.0192422032996 23.8221356852 4.12186554951 4.1372522574035129e+00 4.15269818054 4.17145595717   
450 4950 0.0204548868334 22.9710468762 4.12186554951 4.1323730136959833e+00 4.14775929084 4.19235970937   
451 4961 0.0206866107719 22.7408866373 4.12186554951 4.1351697787221058e+00 4.14634024782 4.17647283516   
452 4972 0.0208160778168 22.4369335484 4.12186554951 4.1343294801694137e+00 4.14409444913 4.21374540264   
453 4983 0.0212348137502 22.8980423708 4.12078948679 4.1207894867856725e+00 4.1654406287 4.19068223066   
454 4994 0.0205182241935 23.2011154631 4.11590041477 4.1159004147692073e+00 4.13792194499 4.17784296481   
455 5005 0.0204484524978 23.4593572366 4.10601664895 4.1060166489458707e+00 4.12167871786 4.1501061745   
456 5016 0.0223064401456 23.7187118195 4.09767852719 4.0976785271877088e+00 4.11951584595 4.15082849365   
457 5027 0.023293526425 25.6146035045 4.0972392589 4.0972392588995543e+00 4.13856248593 4.17811570582   
458 5038 0.0243331078395 26.0211812294 4.09627351355 4.0962735135467154e+00 4.14233455136 4.1969668927   
459 5049 0.0245137376095 25.7055022394 4.0775050148 4.0775050147992031e+00 4.12253364813 4.19021316322   
460 5060 0.0270800800482 26.3044234202 4.07423302138 4.0742330213795110e+00 4.10111283526 4.12836490088   
461 5071 0.0285526306228 28.2392468344 4.07062014199 4.0706201419913146e+00 4.09225334821 4.16774005705   
462 5082 0.0290112825212 29.7832996292 4.07062014199 4.0710219816690740e+00 4.11051619311 4.13526263409   
463 5093 0.0276858044201 30.3740256653 4.07062014199 4.0729696353839042e+00 4.10888588145 4.14156587508   
464 5104 0.0252148173791 31.5901970706 4.07062014199 4.0819621938825632e+00 4.09996552826 4.12801016675   
465 5115 0.0242979114624 31.962227184 4.06705089044 4.0670508904438485e+00 4.09333352873 4.12563319261   
466 5126 0.0235869122273 33.4008211775 4.04605889574 4.0460588957370156e+00 4.06799700296 4.09145848365   
467 5137 0.0239641956187 33.3999870902 4.04605889574 4.0527950415080074e+00 4.08105932808 4.11674073444   
468 5148 0.0226074348128 34.0027826866 4.04605889574 4.0525141466023378e+00 4.07250595419 4.10044054459   
469 5159 0.0222792645752 35.1196791679 4.04605889574 4.0506380027556999e+00 4.08025065087 4.12814961004   
470 5170 0.0217569638377 35.5027344548 4.04605889574 4.0496790691557454e+00 4.06422259462 4.09465553403   
471 5181 0.021959164906 35.5885409715 4.04443692003 4.0444369200340455e+00 4.06600373814 4.09454178116   
472 5192 0.022454261614 37.4502237238 4.04443692003 4.0454426433122892e+00 4.07090958606 4.11120562661   
473 5203 0.0217966539019 39.3510058426 4.03947181456 4.0394718145648785e+00 4.05679560263 4.09232127988   
474 5214 0.0200158970116 40.5796495125 4.03464612393 4.0346461239338947e+00 4.06058898094 4.10112593545   
475 5225 0.0202854254166 40.6629508459 4.02260787581 4.0226078758053143e+00 4.04283031847 4.06974979088   
476 5236 0.0211031722001 40.328164182 4.02005897184 4.0200589718352129e+00 4.04158317708 4.0610312957   
477 5247 0.0217468493744 40.9654541605 4.02005897184 4.0216077710430982e+00 4.03837044266 4.07969410186   
478 5258 0.0211547835308 40.8227873616 4.02005897184 4.0261953952398928e+00 4.04679576772 4.0992779164   
479 5269 0.0201471719102 42.0035639629 4.02005897184 4.0276183408146018e+00 4.04196070617 4.05889108874   
480 5280 0.0192073635171 42.8692744602 4.01904546541 4.0190454654142291e+00 4.03805995682 4.09419860762   
481 5291 0.0183916667295 43.0636663314 4.01904546541 4.0218300344358244e+00 4.03784685629 4.08488961905   
482 5302 0.0175740819477 42.873030786 4.01173464784 4.0117346478419398e+00 4.02344670892 4.07104247843   
483 5313 0.0177580353907 42.3146815391 4.00701366323 4.0070136632316196e+00 4.02767500849 4.04158787651   
484 5324 0.0177866045531 42.8700256626 4.00701366323 4.0076536156740055e+00 4.01998068872 4.04416187262   
485 5335 0.0170237476903 42.7130700733 4.00701366323 4.0142947292134972e+00 4.02329323619 4.04550436294   
486 5346 0.0157998389519 41.973438273 4.00701366323 4.0114787997520258e+00 4.02361825704 4.05019749977   
487 5357 0.0139713111245 42.1429640449 4.00701366323 4.0074247840579007e+00 4.0150360476 4.02776071849   
488 5368 0.0132013210078 42.1626527463 4.00648877534 4.0064887753449305e+00 4.01144240882 4.02830408177   
489 5379 0.0140708282964 42.2677309201 3.9995381012 3.9995381012005815e+00 4.01404924314 4.0284216224   
490 5390 0.0137905915105 43.0872557201 3.9995381012 4.0003984672769066e+00 4.00946912542 4.01644079955   
491 5401 0.0138821500926 42.314562562 3.99792497818 3.9979249781813375e+00 4.00549086183 4.03192559885   
492 5412 0.0142392428911 42.1972933893 3.99792497818 4.0013850562102222e+00 4.0054866551 4.0209183408   
493 5423 0.0143125171845 42.2327269426 3.99792497818 4.0001858060048656e+00 4.00620983366 4.02211827461   
494 5434 0.0141189423508 41.7890894484 3.99792497818 3.9985539368794347e+00 4.00433958701 4.01966603294   
495 5445 0.0147222341401 40.5016350051 3.99585994841 3.9958599484123605e+00 4.0041642277 4.01974128125   
496 5456 0.0144870852295 40.4474485963 3.99585994841 3.9964976859170669e+00 4.00192098429 4.00735459158   
497 5467 0.0136481938812 40.1841795823 3.99585994841 3.9960571555007038e+00 4.00050361075 4.00873911089   
498 5478 0.0128694049564 39.8435614387 3.99362906704 3.9936290670371588e+00 4.0002614064 4.02376493257   
499 5489 0.0126285674037 39.0909447793 3.99309193908 3.9930919390803985e+00 3.99752594065 4.00433437413   
500 5500 0.0117227044759 39.4800820028 3.99309193908 3.9956593222125063e+00 3.99921760399 4.01241228201   
501 5511 0.0115453374102 39.8763018927 3.99309193908 3.9970949345984055e+00 3.99924456756 4.00561733801   
502 5522 0.0108881566108 39.1526567379 3.99309193908 3.9956971583207617e+00 3.99863381529 4.00794328016   
503 5533 0.0100857385722 39.2984012992 3.99309193908 3.9961382765247109e+00 4.00047462098 4.00603861894   
504 5544 0.00957806405429 39.2257769589 3.99309193908 3.9966446551824482e+00 3.99798483216 4.00255548348   
505 5555 0.00897494611686 38.8143259602 3.99309193908 3.9949012789474234e+00 3.99763908584 4.00061260952   
506 5566 0.00848057699799 38.8946079035 3.99309193908 3.9937223652001226e+00 3.99678573853 3.99850613411   
507 5577 0.0077716076158 37.8978819165 3.99265888336 3.9926588833590211e+00 3.99481175686 3.99631826646   
508 5588 0.00762553882067 37.7335851051 3.99110480388 3.9911048038832733e+00 3.99334116268 3.99558747653   
509 5599 0.00783226503372 38.6191538838 3.99094801742 3.9909480174161200e+00 3.99291789406 3.99689159585   
510 5610 0.00783712639882 38.503527232 3.99094801742 3.9913392678721182e+00 3.9929972184 3.99645121874   
511 5621 0.00772669581231 39.1470510609 3.99094101543 3.9909410154312055e+00 3.99255842324 3.99521161652   
512 5632 0.0075079176571 39.0012299377 3.99046659031 3.9904665903147749e+00 3.99204460991 3.9958804111   
513 5643 0.00702532625901 39.4253568872 3.98981077078 3.9898107707756596e+00 3.99266308943 3.99415324616   
514 5654 0.00669626216729 39.8995041119 3.98953194782 3.9895319478163844e+00 3.99161926634 3.99391179417   
515 5665 0.0068879439307 39.5734293966 3.98953194782 3.9899560243073959e+00 3.99089061365 3.99307417454   
516 5676 0.00678234813704 39.0368053644 3.98953194782 3.9896545201097950e+00 3.9907743505 3.99282441317   
517 5687 0.00654520873422 38.8210584954 3.98942463427 3.9894246342685618e+00 3.99044594068 3.99260347476   
518 5698 0.00634781660989 38.5668174236 3.98942463427 3.9894769332792892e+00 3.99034217865 3.99159225484   
519 5709 0.00596489923641 38.6634519434 3.98903107187 3.9890310718725037e+00 3.99010474876 3.99123573285   
520 5720 0.00567573374445 39.7448716732 3.98810056653 3.9881005665341940e+00 3.98930541392 3.99088813456   
521 5731 0.00561987612299 40.0400543143 3.98786642673 3.9878664267268116e+00 3.98944911182 3.99029181154   
522 5742 0.00522284226025 40.6848028833 3.98786642673 3.9886347316496766e+00 3.98918725075 3.98982472307   
523 5753 0.0049086301281 41.2736768973 3.98786642673 3.9883913835411313e+00 3.98913965477 3.99063646066   
524 5764 0.00468227806329 41.6082195529 3.98786642673 3.9881210290874654e+00 3.98876185439 3.98925857287   
525 5775 0.00474101188569 42.8353655146 3.98786642673 3.9882610103118896e+00 3.98914071705 3.98966669951   
526 5786 0.00436857494411 45.9316452038 3.98786642673 3.9878923938348474e+00 3.98862292666 3.98964567976   
527 5797 0.00442141606074 46.7062117698 3.98772713672 3.9877271367189202e+00 3.98839116204 3.98889254439   
528 5808 0.00434636637156 48.4589334234 3.98772713672 3.9878455315880506e+00 3.98841319576 3.98936443905   
529 5819 0.00433133187032 49.5465606358 3.98763114934 3.9876311493393173e+00 3.9881708934 3.98926626184   
530 5830 0.00450748648076 51.622684974 3.98763114934 3.9877547755083484e+00 3.98810054897 3.98835715022   
531 5841 0.00454873099522 54.323282414 3.98743264552 3.9874326455151108e+00 3.98777486899 3.98893170142   
532 5852 0.00451119572712 54.4216235374 3.98743264552 3.9875601002947723e+00 3.98792977609 3.98835129234   
533 5863 0.00452746921082 55.7218975014 3.98717487378 3.9871748737843569e+00 3.9875529052 3.98792141169   
534 5874 0.00463842079362 56.6673245204 3.98717487378 3.9872574292976606e+00 3.98746691402 3.98853531339   
535 5885 0.0046340285567 59.2741281825 3.98704878307 3.9870487830716321e+00 3.98749202868 3.98857551847   
536 5896 0.00463806206871 61.5716063729 3.98704878307 3.9870692645848300e+00 3.98748548862 3.98775857007   
537 5907 0.00479651285595 61.8723993801 3.98704878307 3.9871040052332760e+00 3.98756932469 3.98843996659   
538 5918 0.00456977665883 61.845480958 3.98704878307 3.9871891385382159e+00 3.98745321488 3.98813961696   
539 5929 0.00424211387737 61.1239275033 3.98703435776 3.9870343577639127e+00 3.98764627868 3.9880877821   
540 5940 0.00394111161552 61.9338037073 3.98693265597 3.9869326559720797e+00 3.98737636423 3.98784099017   
541 5951 0.00372729240847 61.7133562384 3.98671961531 3.9867196153100686e+00 3.98725950538 3.98774610135   
542 5962 0.00336653152492 61.9292414706 3.98671961531 3.9867526596809633e+00 3.98697001755 3.98726804443   
543 5973 0.00333204419244 62.7788057719 3.98671961531 3.9867378577253825e+00 3.98689070198 3.98726836194   
544 5984 0.00310313537161 64.5545598458 3.98671961531 3.9867237860779783e+00 3.98689510706 3.98711224344   
545 5995 0.00278042828097 64.6718922334 3.98671961531 3.9867778849350461e+00 3.98695943446 3.98716535248   
546 6006 0.0026677269454 65.5145194763 3.98671961531 3.9867803128837802e+00 3.98689202162 3.98703431342   
547 6017 0.00240218355588 68.1373795001 3.98671961531 3.9867759709523032e+00 3.98689468907 3.98711114325   
548 6028 0.00211447884754 66.592640047 3.98670981848 3.9867098184777761e+00 3.98677799925 3.98705746995   
549 6039 0.00202108990259 66.8579910827 3.98670577212 3.9867057721152777e+00 3.98678975937 3.98690902057   
550 6050 0.0020175474623 66.5036002043 3.98668772386 3.9866877238555474e+00 3.98677079012 3.98682395667   
551 6061 0.0020459496003 64.1728042572 3.98666363144 3.9866636314390269e+00 3.98671103944 3.98683926935   
552 6072 0.00198025940981 61.0755128124 3.98666363144 3.9866782335285005e+00 3.98672076454 3.98683415541   
553 6083 0.00184952959765 60.3922259977 3.98666363144 3.9866707595394426e+00 3.98674859316 3.98680768645   
554 6094 0.00167969835506 60.5302024852 3.98666298391 3.9866629839078365e+00 3.98670932428 3.98679792738   
555 6105 0.00156324088316 60.5764616312 3.98665212104 3.9866521210373072e+00 3.98669076756 3.98671627318   
556 6116 0.00148029900488 60.4779027141 3.9866463688 3.9866463687997298e+00 3.98667065301 3.9867486084   
557 6127 0.00148527905031 59.5698226325 3.9866463688 3.9866465209606030e+00 3.98667468598 3.98672211757   
558 6138 0.00141721534929 59.4218972843 3.9866463688 3.9866500291798674e+00 3.98667926708 3.9867186879   
559 6149 0.00133222807573 59.2540284541 3.9866463688 3.9866467286247906e+00 3.98667155817 3.98673665981   
560 6160 0.00125352840616 60.5587944777 3.9866463688 3.9866485290594551e+00 3.98667276686 3.98671024726   
561 6171 0.00114816879448 61.1360506083 3.9866463688 3.9866479431451460e+00 3.98666853794 3.98668266622   
562 6182 0.00109376470901 61.1765766787 3.9866463688 3.9866466825968740e+00 3.98665947361 3.98669669491   
563 6193 0.00106427785807 60.1154284225 3.98664331792 3.9866433179167755e+00 3.98665939799 3.9866951318   
564 6204 0.00108177840951 59.3090470801 3.98664162669 3.9866416266883848e+00 3.98665700972 3.98669094088   
565 6215 0.00110176982769 58.9493335389 3.98664162669 3.9866441557930803e+00 3.9866561481 3.98669384722   
566 6226 0.00103447605034 57.5562201226 3.98663469646 3.9866346964604515e+00 3.98664660118 3.98667427003   
567 6237 0.000978009639457 57.9923944923 3.98663349658 3.9866334965812560e+00 3.98664582972 3.98666732051   
568 6248 0.000888985390228 58.2504384937 3.98662781034 3.9866278103436552e+00 3.98664691729 3.98666378312   
569 6259 0.000780120413517 59.7714689278 3.9866272652 3.9866272651967116e+00 3.98663572721 3.98664829924   
570 6270 0.000721468258895 58.5499111961 3.9866272652 3.9866273948337003e+00 3.98663330666 3.98664007371   
571 6281 0.000655855531863 59.2789297541 3.98662644829 3.9866264482917133e+00 3.9866314669 3.98664489252   
572 6292 0.000616037231124 60.3970754784 3.98662468999 3.9866246899879392e+00 3.98663197587 3.98663541751   
573 6303 0.000541965032195 60.6598759627 3.98662468999 3.9866251036265239e+00 3.98662730723 3.98664177236   
574 6314 0.000511981011808 60.4028069935 3.98662465438 3.9866246543751185e+00 3.98662657045 3.98663120128   
575 6325 0.000490779985139 61.8655069229 3.98662465438 3.9866247634456635e+00 3.98662666994 3.98663072438   
576 6336 0.00046408429514 62.7373835707 3.98662314868 3.9866231486807253e+00 3.98662694014 3.98663243077   
577 6347 0.000453398848815 62.7803402368 3.98662314868 3.9866235948583029e+00 3.98662544523 3.98662973872   
578 6358 0.000422252782861 62.5705966397 3.98662314868 3.9866237758328280e+00 3.98662529888 3.98663095826   
579 6369 0.00038372956664 62.7413493677 3.98662314868 3.9866235779688348e+00 3.98662458701 3.9866266329   
580 6380 0.00036192687546 62.3733708878 3.9866230949 3.9866230949040973e+00 3.98662430275 3.98662544524   
581 6391 0.00033060182873 59.5208671309 3.9866230949 3.9866232900562508e+00 3.98662394595 3.98662527584   
582 6402 0.000323934085048 60.2891045731 3.98662207448 3.9866220744818772e+00 3.98662293608 3.98662522837   
583 6413 0.0003036922234 59.8963437515 3.98662207448 3.9866223085869374e+00 3.98662307519 3.98662483722   
584 6424 0.000286171433514 58.7043232762 3.98662207448 3.9866221164342699e+00 3.98662290056 3.98662504003   
585 6435 0.000275855373131 58.9470782657 3.98662206153 3.9866220615294710e+00 3.98662265947 3.98662379331   
586 6446 0.000268601911971 59.8596514191 3.98662167537 3.9866216753682577e+00 3.98662263807 3.98662537582   
587 6457 0.000247654335604 59.1252327294 3.98662167537 3.9866217696796249e+00 3.98662210047 3.98662275402   
588 6468 0.000234366858183 58.7571427781 3.98662167537 3.9866218033063996e+00 3.98662247813 3.98662371521   
589 6479 0.000221647228809 58.3007672695 3.98662167537 3.9866218170894112e+00 3.98662229041 3.98662404841   
590 6490 0.000212445411499 58.1042542924 3.98662167537 3.9866217116371181e+00 3.98662207312 3.98662262116   
591 6501 0.000211163930126 58.5160207199 3.98662167537 3.9866218027917393e+00 3.98662207802 3.9866226037   
592 6512 0.000192879472291 59.1618718864 3.98662152743 3.9866215274309895e+00 3.98662189803 3.98662253103   
593 6523 0.000185939402399 58.8841587789 3.98662152743 3.9866215680554098e+00 3.98662187723 3.98662227261   
594 6534 0.000170900316162 58.6323046597 3.98662151319 3.9866215131871812e+00 3.98662174661 3.98662224093   
595 6545 0.000164147945176 56.4444439297 3.98662139689 3.9866213968947366e+00 3.98662157179 3.98662209117   
596 6556 0.000166020861684 57.0368491633 3.98662133495 3.9866213349479827e+00 3.98662152892 3.98662212835   
597 6567 0.000163662972531 58.0657002192 3.98662133495 3.9866214678191496e+00 3.98662167562 3.98662207263   
598 6578 0.000156987152114 58.9216944746 3.98662133495 3.9866213497043717e+00 3.98662149353 3.9866219633   
599 6589 0.000158098255325 59.5103459655 3.98662133495 3.9866213656648273e+00 3.98662154774 3.98662178409   
600 6600 0.000150684468813 59.0608661154 3.9866212939 3.9866212938974463e+00 3.98662140742 3.98662189926   
601 6611 0.000142755739205 57.9861633645 3.98662125174 3.9866212517373585e+00 3.98662139585 3.98662156674   
602 6622 0.000135161586163 57.132312325 3.98662121596 3.9866212159621814e+00 3.98662127988 3.98662156583   
603 6633 0.000126486986803 57.4198949363 3.98662115187 3.9866211518662142e+00 3.98662133951 3.98662162561   
604 6644 0.000121202592107 58.1663947634 3.98662115187 3.9866212404456225e+00 3.98662130236 3.98662147059   
605 6655 0.000112019978452 58.4536318518 3.98662115187 3.9866212307721471e+00 3.98662127509 3.98662143657   
606 6666 0.000100917042467 58.6226947608 3.98662115187 3.9866211849175550e+00 3.98662127778 3.98662153107   
607 6677 0.000100955960937 59.0526242849 3.98662115187 3.9866212001951649e+00 3.98662123595 3.98662152669   
608 6688 9.60016554721e-05 59.1039912525 3.98662115187 3.9866211747854403e+00 3.98662127142 3.98662137023   
609 6699 9.07441616211e-05 58.6052633843 3.98662115187 3.9866211709235757e+00 3.98662123292 3.98662141638   
610 6710 8.02577951842e-05 58.434392222 3.986621149 3.9866211490002716e+00 3.98662119055 3.9866213198   
611 6721 7.29260593224e-05 59.9764031875 3.98662114124 3.9866211412386034e+00 3.98662121835 3.98662130648   
612 6732 6.78284981172e-05 60.8850969715 3.98662113649 3.9866211364911086e+00 3.98662116763 3.98662123541   
613 6743 6.33116283088e-05 61.6364068168 3.98662112767 3.9866211276719312e+00 3.98662115405 3.98662120822   
614 6754 5.9714297402e-05 61.5468396487 3.98662112767 3.9866211392614477e+00 3.98662116166 3.98662120958   
615 6765 5.67236805634e-05 61.924353952 3.98662112294 3.9866211229437720e+00 3.98662115203 3.98662119626   
616 6776 5.38123324075e-05 61.6150648879 3.98662112294 3.9866211241833569e+00 3.98662115032 3.98662118333   
617 6787 5.04567659451e-05 61.0282836439 3.98662112294 3.9866211237077129e+00 3.98662112833 3.98662117625   
618 6798 4.71119849272e-05 61.0631803987 3.98662111874 3.9866211187352634e+00 3.98662114111 3.9866211572   
619 6809 4.26501845266e-05 59.4300493425 3.98662111279 3.9866211127863140e+00 3.98662112192 3.9866211462   
620 6820 3.89810107713e-05 58.0773333527 3.98662111236 3.9866211123567465e+00 3.98662112555 3.98662113893   
621 6831 3.57028203676e-05 59.4997058852 3.98662111236 3.9866211151517068e+00 3.98662111862 3.98662113933   
622 6842 3.26161748603e-05 60.4854009772 3.98662111222 3.9866211122248840e+00 3.9866211206 3.98662112599   
623 6853 3.1475164629e-05 60.3127009488 3.98662110922 3.9866211092161472e+00 3.98662111889 3.98662112162   
624 6864 2.93279715906e-05 59.9077066175 3.98662110871 3.9866211087056951e+00 3.98662111674 3.98662112115   
625 6875 2.64021052724e-05 59.3965935993 3.98662110786 3.9866211078557705e+00 3.98662111048 3.98662112407   
626 6886 2.31911295198e-05 58.1684570688 3.98662110786 3.9866211083872471e+00 3.98662111063 3.9866211161   
627 6897 2.17146662732e-05 58.0186560173 3.98662110778 3.9866211077833431e+00 3.98662111198 3.98662111925   
628 6908 2.07933503594e-05 57.0054668749 3.98662110746 3.9866211074566955e+00 3.98662111044 3.98662111681   
629 6919 2.01175405943e-05 56.8230274368 3.98662110656 3.9866211065634936e+00 3.98662110925 3.98662111507   
630 6930 1.78362537679e-05 56.8050662128 3.98662110599 3.9866211059861483e+00 3.9866211089 3.98662111056   
631 6941 1.60567422279e-05 57.3445702389 3.98662110599 3.9866211061398906e+00 3.98662110735 3.98662110854   
632 6952 1.46341225509e-05 58.0286626754 3.98662110576 3.9866211057604564e+00 3.98662110668 3.98662110912   
633 6963 1.40929158807e-05 58.9331092561 3.98662110576 3.9866211058646255e+00 3.98662110666 3.98662110815   
634 6974 1.33921628516e-05 58.3761387012 3.9866211057 3.9866211056989642e+00 3.98662110665 3.98662110744   
635 6985 1.22633166769e-05 59.1061366709 3.98662110543 3.9866211054306375e+00 3.98662110642 3.98662110754   
636 6996 1.15343033342e-05 60.590566734 3.98662110543 3.9866211054267526e+00 3.98662110586 3.98662110654   
637 7007 1.08970872025e-05 60.1485746147 3.98662110515 3.9866211051525595e+00 3.98662110593 3.98662110639   
638 7018 1.05671398065e-05 57.3587463097 3.98662110507 3.9866211050704048e+00 3.98662110557 3.98662110609   
639 7029 1.08342918352e-05 57.5406320522 3.98662110507 3.9866211051473943e+00 3.98662110547 3.98662110616   
640 7040 9.92055475043e-06 56.2418537756 3.98662110507 3.9866211051846787e+00 3.98662110542 3.9866211062   
641 7051 9.12476124679e-06 56.0935683211 3.98662110501 3.9866211050124916e+00 3.98662110561 3.9866211059   
642 7062 7.89010787458e-06 55.1311947187 3.98662110491 3.9866211049148608e+00 3.98662110531 3.98662110581   
643 7073 6.85188372175e-06 55.6648779397 3.98662110482 3.9866211048190117e+00 3.98662110516 3.98662110549   
644 7084 6.30629213819e-06 56.1187987751 3.98662110481 3.9866211048066127e+00 3.98662110503 3.98662110541   
645 7095 6.13217337092e-06 55.6339927034 3.98662110481 3.9866211049071736e+00 3.98662110502 3.9866211053   
646 7106 5.65670416912e-06 55.011022718 3.98662110481 3.9866211048150086e+00 3.98662110506 3.98662110542   
647 7117 5.30240433394e-06 54.374151211 3.98662110481 3.9866211048800997e+00 3.98662110495 3.98662110526   
648 7128 5.02726239425e-06 54.179839859 3.98662110481 3.9866211048978952e+00 3.98662110494 3.98662110515   
649 7139 4.70781910062e-06 55.2288123162 3.98662110481 3.9866211048856055e+00 3.98662110497 3.98662110522   
650 7150 4.33951557373e-06 55.021957868 3.98662110477 3.9866211047749265e+00 3.98662110491 3.98662110497   
651 7161 3.97101768383e-06 55.1922674213 3.98662110477 3.9866211047904985e+00 3.98662110484 3.98662110507   
652 7172 3.81694938754e-06 55.7662396961 3.98662110477 3.9866211047919311e+00 3.98662110481 3.98662110488   
653 7183 3.72821117938e-06 54.5914816841 3.98662110477 3.9866211048049580e+00 3.98662110483 3.98662110491   
654 7194 3.32710211962e-06 54.7075468166 3.98662110475 3.9866211047459132e+00 3.98662110484 3.98662110491   
655 7205 3.15318573323e-06 54.1230520633 3.98662110475 3.9866211047595277e+00 3.98662110482 3.98662110488   
656 7216 3.07547118642e-06 55.6589486482 3.98662110475 3.9866211047541733e+00 3.98662110479 3.98662110482   
657 7227 2.83877555329e-06 55.4430190416 3.98662110475 3.9866211047598488e+00 3.98662110477 3.98662110482   
658 7238 2.58188198898e-06 54.6500089529 3.98662110474 3.9866211047405926e+00 3.98662110478 3.98662110484   
659 7249 2.44096491199e-06 55.3748877709 3.98662110474 3.9866211047455424e+00 3.98662110477 3.98662110481   
660 7260 2.39204335804e-06 54.2752950542 3.98662110474 3.9866211047413649e+00 3.98662110477 3.98662110479   
661 7271 2.27302514249e-06 53.9754591396 3.98662110474 3.9866211047411872e+00 3.98662110476 3.98662110478   
662 7282 2.11289428928e-06 54.0746420494 3.98662110474 3.9866211047380529e+00 3.98662110475 3.98662110477   
663 7293 2.00436508586e-06 54.6022057 3.98662110474 3.9866211047366003e+00 3.98662110476 3.98662110477   
664 7304 1.95409805474e-06 55.5857060476 3.98662110474 3.9866211047380586e+00 3.98662110475 3.98662110478   
665 7315 1.93519773667e-06 55.396009652 3.98662110474 3.9866211047360842e+00 3.98662110475 3.98662110477   
666 7326 1.936764779e-06 55.2212180455 3.98662110474 3.9866211047408031e+00 3.98662110475 3.98662110476   
667 7337 1.79454847317e-06 54.2340456061 3.98662110473 3.9866211047335294e+00 3.98662110475 3.98662110478   
668 7348 1.60825283153e-06 53.9328552121 3.98662110473 3.9866211047334867e+00 3.98662110474 3.98662110476   
669 7359 1.49492119784e-06 54.5611143774 3.98662110473 3.9866211047335809e+00 3.98662110474 3.98662110476   
670 7370 1.44559174327e-06 55.40053978 3.98662110473 3.9866211047257289e+00 3.98662110474 3.98662110475   
671 7381 1.47334318518e-06 56.362892665 3.98662110473 3.9866211047257294e+00 3.98662110473 3.98662110474   
672 7392 1.47856539779e-06 57.6435942379 3.98662110473 3.9866211047265510e+00 3.98662110473 3.98662110475   
673 7403 1.4508969361e-06 57.4919240989 3.98662110472 3.9866211047249629e+00 3.98662110473 3.98662110474   
674 7414 1.33236670761e-06 59.0142501119 3.98662110472 3.9866211047258089e+00 3.98662110473 3.98662110474   
675 7425 1.25878683166e-06 59.6674509848 3.98662110472 3.9866211047238851e+00 3.98662110473 3.98662110474   
676 7436 1.17262724835e-06 60.6371499143 3.98662110472 3.9866211047242923e+00 3.98662110473 3.98662110473   
677 7447 1.129480793e-06 59.6080924471 3.98662110472 3.9866211047250060e+00 3.98662110473 3.98662110473   
678 7458 1.10918520754e-06 59.4641114877 3.98662110472 3.9866211047265736e+00 3.98662110473 3.98662110474   
679 7469 1.01471450749e-06 59.2085644456 3.98662110472 3.9866211047260136e+00 3.98662110473 3.98662110473   
680 7480 9.75747015062e-07 58.7020713041 3.98662110472 3.9866211047233500e+00 3.98662110473 3.98662110473   
681 7491 9.03468245384e-07 56.9296965096 3.98662110472 3.9866211047222513e+00 3.98662110472 3.98662110473   
682 7502 8.45478419384e-07 56.3240423733 3.98662110472 3.9866211047221545e+00 3.98662110472 3.98662110473   
683 7513 7.41643697827e-07 56.5619336581 3.98662110472 3.9866211047220963e+00 3.98662110472 3.98662110473   
684 7524 6.82919496306e-07 56.7535360914 3.98662110472 3.9866211047219453e+00 3.98662110472 3.98662110473   
685 7535 6.23426696958e-07 57.3868698344 3.98662110472 3.9866211047223272e+00 3.98662110472 3.98662110472   
686 7546 6.1304490938e-07 59.132075541 3.98662110472 3.9866211047215221e+00 3.98662110472 3.98662110472   
687 7557 5.97461397987e-07 59.1227505615 3.98662110472 3.9866211047216904e+00 3.98662110472 3.98662110472   
688 7568 5.71063203574e-07 59.327592062 3.98662110472 3.9866211047218774e+00 3.98662110472 3.98662110472   
689 7579 5.37507727716e-07 58.1067073759 3.98662110472 3.9866211047218889e+00 3.98662110472 3.98662110472   
690 7590 5.16546105046e-07 58.8432042889 3.98662110472 3.9866211047211744e+00 3.98662110472 3.98662110472   
691 7601 4.577951094e-07 58.403523199 3.98662110472 3.9866211047209239e+00 3.98662110472 3.98662110472   
692 7612 4.15679473934e-07 58.8678162643 3.98662110472 3.9866211047210003e+00 3.98662110472 3.98662110472   
693 7623 4.01042473195e-07 57.1364652199 3.98662110472 3.9866211047208666e+00 3.98662110472 3.98662110472   
694 7634 3.98468601844e-07 57.1311972073 3.98662110472 3.9866211047210580e+00 3.98662110472 3.98662110472   
695 7645 3.73773638033e-07 56.6992047779 3.98662110472 3.9866211047208742e+00 3.98662110472 3.98662110472   
696 7656 3.46018932564e-07 55.8296065483 3.98662110472 3.9866211047209501e+00 3.98662110472 3.98662110472   
697 7667 3.1881962133e-07 55.7222255064 3.98662110472 3.9866211047207614e+00 3.98662110472 3.98662110472   
698 7678 2.89413300868e-07 56.5449079533 3.98662110472 3.9866211047207600e+00 3.98662110472 3.98662110472   
699 7689 2.53346020676e-07 56.8249011944 3.98662110472 3.9866211047206730e+00 3.98662110472 3.98662110472   
700 7700 2.30931484648e-07 56.918498271 3.98662110472 3.9866211047206654e+00 3.98662110472 3.98662110472   
701 7711 2.04564349251e-07 56.6783130917 3.98662110472 3.9866211047206859e+00 3.98662110472 3.98662110472   
702 7722 1.86097263938e-07 55.3897333722 3.98662110472 3.9866211047206952e+00 3.98662110472 3.98662110472   
703 7733 1.69056906967e-07 56.4954103721 3.98662110472 3.9866211047206521e+00 3.98662110472 3.98662110472   
704 7744 1.6125976366e-07 55.9335345964 3.98662110472 3.9866211047206694e+00 3.98662110472 3.98662110472   
705 7755 1.50832141707e-07 55.1082983494 3.98662110472 3.9866211047206574e+00 3.98662110472 3.98662110472   
706 7766 1.33511533151e-07 54.8672351104 3.98662110472 3.9866211047206472e+00 3.98662110472 3.98662110472   
707 7777 1.20761732832e-07 54.8739833935 3.98662110472 3.9866211047206264e+00 3.98662110472 3.98662110472   
708 7788 1.15017913517e-07 55.2343600177 3.98662110472 3.9866211047206255e+00 3.98662110472 3.98662110472   
709 7799 1.12683745019e-07 55.6949466546 3.98662110472 3.9866211047206170e+00 3.98662110472 3.98662110472   
710 7810 1.06064574734e-07 56.5617316931 3.98662110472 3.9866211047206082e+00 3.98662110472 3.98662110472   
711 7821 1.05831451035e-07 57.4216854748 3.98662110472 3.9866211047206210e+00 3.98662110472 3.98662110472   
