Generation 5 _ 1
4.31129200092 2.25336476864 -1.65815218243 -0.209112045039 2.3351356001 -1.86003164908 2.47385437834

Generation 5 _ 2
4.37648086944 3.35363196138 0.0991146792589 -1.28061912716 1.94058914421 -0.948996194161 0.169231622835

Generation 5 _ 3
2.33519590641 2.18401348698 0.403949794202 -1.86745832832 2.0632742214 0.416917790992 3.3967827437

Generation 5 _ 4
3.36374727196 3.02069127991 -0.292799983952 -0.739101722955 2.12902636673 -1.4426175406 -0.626725863174

Generation 5 _ 5
5.79621370343 2.32524256486 -0.7893547448 -1.74633592304 1.23049290334 -2.84114256344 0.856326334444

Generation 5 _ 6
5.23510441073 3.26880391676 1.0643182848 -0.469819555047 1.36701376932 -0.445325441227 1.63820181881

Generation 5 _ 7
4.71720106595 3.34479860611 -0.709047209991 -3.06097680788 1.4429892321 -1.94877920927 1.76907092281

Generation 5 _ 8
4.58898017669 4.80520358789 -0.118804603474 -0.975101556506 1.43037320762 1.1436424669 3.59567478739

Generation 5 _ 9
3.2095442108 3.25383873283 0.373226278061 -1.34546095923 1.62201021761 1.25382801047 0.923562515132

Generation 5 _ 10
3.58034939587 3.04513167212 0.462477365996 -1.45115497611 0.425033761888 -0.655434083492 1.39303842513

Generation 5 _ 11
4.59949189157 1.75783826396 1.39757943784 -3.04285217341 1.30390478002 0.35025535134 1.73033824745

Generation 5 _ 12
3.69558095448 4.36906403297 0.686343614182 -3.15322699519 2.60719215385 -0.382320784965 1.23644868753

Generation 5 _ 13
3.35190928009 3.90210628929 -0.524535674705 -0.896387822972 1.20612653892 -0.035277109776 0.352965678091

Generation 5 _ 14
3.9975439113 3.88249927933 -0.986858078145 -0.204140326543 0.50497720535 -1.49117995478 1.21060087944

Generation 5 _ 15
1.91235416333 3.01056722364 0.610681119161 -1.59896725522 2.20886184767 -2.09516093256 0.884359069843

Generation 5 _ 16
4.49450759315 2.19069645431 0.299777486402 -1.39684799077 3.07376863931 -0.582493339059 0.629368001052

Generation 5 _ 17
4.99468100883 3.40343952988 -0.169415774938 -1.09756552586 1.83300341885 1.53469540805 2.43413173566

Generation 5 _ 18
3.42616193728 4.32437216465 0.901709322018 0.185656180299 1.50461292528 -0.689411203049 3.26362082227

Generation 5 _ 19
4.9169099595 1.4762308256 -0.553839684071 -2.69553621283 1.95992383878 0.23520647841 -0.857198432526

Generation 5 _ 20
2.92022513475 2.62504144645 0.598915938601 -1.81296446689 0.121716044459 -0.310609903041 0.721269961

Generation 5 _ 21
4.72754291355 1.92162447821 -1.03499393644 -1.2663393814 2.8313651296 -0.543490514355 1.79512013392

Generation 5 _ 22
3.83161732715 3.27405367714 -0.0561010585953 -0.990462095295 1.3109201422 -0.100601128439 1.31112381046

Generation 5 _ 23
3.73627214733 3.36045144847 1.46988784403 -1.3233463801 1.74098761694 -0.765681771413 2.63101388399

Generation 5 _ 24
5.65469508492 2.67211299531 -0.944782769639 -3.03062918512 3.62522977109 0.293391668494 1.69277876368

Generation 5 _ 25
3.39853168456 3.50105583592 0.578199279512 -1.842486754 2.35921911647 -0.955978262145 1.75420671245

Generation 5 _ 26
3.97291829521 2.71264686801 -0.14752094265 -1.44966955339 2.66881981505 -0.271604971972 0.579388736146

Generation 5 _ 27
4.46163614586 3.66247608815 -0.077459271888 -2.68601944458 0.534294023736 -1.86687430862 2.53459229858

Generation 5 _ 28
3.63143268488 3.5698070084 0.00368954991451 -1.1057448228 0.874350995608 -0.217440460139 0.97468831038

Generation 5 _ 29
3.15171219177 3.47085595835 -0.581660988506 -2.37857453889 1.88206842113 0.714698449481 2.30655465187

Generation 5 _ 30
3.98215655356 3.70899607377 -0.0442663344852 -0.993654106775 4.06117972408 1.22604866915 -0.182524718535

Generation 5 _ 31
3.27079245343 1.78614756521 -1.26517884858 -1.96525802111 3.27213286558 -1.81830647173 0.797445936226

Generation 5 _ 32
4.10874014873 3.29893252176 -0.26114833087 -0.268904642911 1.8766960521 -1.34627268345 2.90917819733

Generation 5 _ 33
4.51969983114 2.79487200366 0.922898997525 -2.48167353072 2.25807328194 -2.70619844857 0.884440145881

Generation 5 _ 34
2.60690875131 1.72783466547 -0.725892086621 -2.06910803646 2.10544847609 0.949019257441 0.637239098842

Generation 5 _ 35
2.97131066668 3.7453448296 -2.04805512365 -1.1041132816 1.29760577131 -1.38602410396 2.1563014312

Generation 5 _ 36
4.56921808923 2.2903249043 0.0286227899179 -2.81626233181 1.13649045644 -1.63076063724 1.61923407145

Generation 5 _ 37
3.86284986354 3.66054099446 0.59968294987 -1.40562396484 1.28621500941 -0.71213867681 1.3296627587

Generation 5 _ 38
2.82234844833 2.67251133821 0.438539776839 -1.99375799773 2.01424612517 -1.35171958897 -0.00228133233851

Generation 5 _ 39
3.94099516033 3.24505771343 -1.15577377729 -1.91320101195 1.03592229409 -2.44053639925 1.53090375049

Generation 5 _ 40
2.97651348686 2.88270841866 -0.0674310596341 -2.77139380588 4.08792018493 -0.723469285693 -0.948949727894

Generation 5 _ 41
5.55629205647 1.53052071377 -0.765624702986 -2.15210814943 3.62991178312 1.6451790095 0.395331473577

Generation 5 _ 42
3.09906567691 4.25526340282 0.659400728937 -1.95529074706 3.533349909 -0.403455526073 2.12128145991

Generation 5 _ 43
2.7124111041 4.84683906546 0.237364724708 -2.85107105299 0.625447946242 -1.60273619821 2.50130442743

Generation 5 _ 44
5.75662784534 5.09340786109 -0.589295079582 -2.19631527649 2.51350441218 -1.38552650054 1.09182119169

Generation 5 _ 45
4.25821143796 3.46233311001 0.112907598393 -2.10462661399 1.14546251775 0.89472684998 0.411033147984

Generation 5 _ 46
3.26719978082 2.96045106323 -0.287657927541 -1.93250319675 1.3301382151 -0.570534371185 1.71603949461

Generation 5 _ 47
5.46054166833 3.07397723135 0.609975064416 0.135457080853 2.96076384046 0.444489034796 0.582833981544

Generation 5 _ 48
3.80297888896 3.02849427689 0.717986625766 -1.69336732184 2.58041561618 -0.897028978718 0.470411717864

Generation 5 _ 49
2.58590657622 2.43556797263 -2.03582539076 -1.7368413018 3.89058149506 0.0116115206204 2.46366950916

Generation 5 _ 50
2.97495038146 2.52223382636 0.360948431907 -2.43642535585 2.29895663594 0.475379179695 2.49473254253

Generation 6 _ 1
2.18419256072 2.50367140764 0.318043111266 -2.91507654475 2.02282034724 -1.14565727785 -0.0207380920084

Generation 6 _ 2
3.93178293276 2.85501449862 -0.165472273638 -2.64556202717 2.82482328035 -0.469375464278 0.146320936242

Generation 6 _ 3
4.62256517456 2.70355978893 -0.873340261746 -2.86978390383 0.296860398162 -0.81999487336 0.0737111243671

Generation 6 _ 4
2.42271347254 4.60690892524 -1.66097221383 -1.61706977323 1.81941290883 -1.96497276965 -0.896306152298

Generation 6 _ 5
4.81590501183 2.20334398067 -0.27195818888 -1.45465955468 0.247722447566 -0.627587440068 0.94764349023

Generation 6 _ 6
4.21791496789 4.02993694061 0.614094695787 -2.1158579837 1.14177847959 -1.09445681387 2.34418866868

Generation 6 _ 7
3.09098920504 5.08564596127 -0.215846947045 -1.23457273713 2.55131042885 -1.72413755026 0.114380788253

Generation 6 _ 8
3.36554053047 3.15436724308 1.99851169889 -1.3906702843 2.28837027792 -0.740103277235 0.250318725755

Generation 6 _ 9
3.34246690082 3.83449362296 -1.40224235213 -0.248915846789 1.96438612806 -0.444341555182 0.139068590699

Generation 6 _ 10
3.35677031481 3.43586090578 0.204812308753 -1.93739824322 2.09277633543 -0.889423251878 3.57033444253

Generation 6 _ 11
2.97380347087 4.18030165668 -0.57087208666 -1.29669699723 1.00086629686 -0.828560494568 -0.238561032724

Generation 6 _ 12
3.64151646723 3.39489885687 -0.822890533158 -0.026650364889 2.03288082605 -1.47124742486 2.42186453839

Generation 6 _ 13
3.7156883301 2.75315524866 1.50014685784 0.914736032936 2.85164487644 -1.09343604169 -0.19503692837

Generation 6 _ 14
3.78288755422 3.88155979139 0.225070994627 -2.0795754055 3.20960145852 -1.28047382278 -0.118274721591

Generation 6 _ 15
2.20894273548 2.80217878028 -0.0739876230122 -2.30236423193 2.05231672888 0.00937003883857 2.3771908761

Generation 6 _ 16
3.78211475434 3.06390497778 -0.521808358822 -1.56488938175 1.17800593501 -1.68787515918 -0.000605022094219

Generation 6 _ 17
4.35722671819 2.42295662472 -0.554112029965 -1.89159980967 1.52377017842 0.0455622792446 0.943620187941

Generation 6 _ 18
3.89311568902 3.80469840823 -1.60055132654 -1.80134105365 0.776733708745 -1.91378367152 1.14713837625

Generation 6 _ 19
4.17913288487 2.67434300314 -0.464237755604 -0.712700733246 3.58901278463 0.768941566767 1.19715942624

Generation 6 _ 20
5.0064851381 3.18940538797 2.3829355072 -1.53179087304 1.7357415696 -1.48221409568 0.312879557234

Generation 6 _ 21
2.96778121829 2.54192155535 1.08696349429 -1.02095744417 0.884796897143 -0.543196610071 1.1902378282

Generation 6 _ 22
4.16472388924 2.77346598104 -1.47464861607 -2.04766294588 2.15366281038 0.135968976682 1.27382932019

Generation 6 _ 23
3.05863106067 1.94144822852 -0.93656451459 -1.56421015248 3.23962465906 -0.584188346737 1.73696979636

Generation 6 _ 24
3.90524188691 2.28492139018 -0.449843332016 -1.2827456113 1.88112967073 -1.70099328796 1.8801370064

Generation 6 _ 25
3.1988196655 3.38303820471 2.00601936319 -1.53457422064 1.36455767627 -0.354571517025 0.834211170783

Generation 6 _ 26
2.60365418766 2.93053275096 0.0392665340504 -0.872995921069 2.93266437102 -1.43025326703 1.87126443244

Generation 6 _ 27
4.29322657709 3.08816768141 -0.0651661853218 -2.08200463016 3.40883711211 -0.68297738503 2.14722213858

Generation 6 _ 28
3.27504353259 3.84722074475 0.733785457395 -0.687163100794 3.24318233915 -0.117313342054 0.0946590372945

Generation 6 _ 29
4.20059612981 4.96093514559 1.39934990023 -1.88079937405 1.45765280784 0.134235439322 1.71733284963

Generation 6 _ 30
2.62784010021 3.70233552512 -0.559364849605 -0.859434401833 3.59584324506 -1.52333822118 1.16630199541

Generation 6 _ 31
2.91389744299 2.64480355811 -0.519953134997 -1.20198412 1.2593499826 -1.31605933791 1.53754803307

Generation 6 _ 32
4.17468957473 2.87463322504 0.549897433726 -1.61174048684 1.06384547383 -1.09005186767 1.98130997891

Generation 6 _ 33
2.32673260427 3.4598208501 1.58992195669 -0.912172630953 3.05711390497 -1.50675369731 1.12663284493

Generation 6 _ 34
2.08320724741 1.85843934035 1.19397768548 -2.0236324012 1.78559984882 -1.28551760181 1.48319363312

Generation 6 _ 35
3.52644576952 2.95714727238 -0.0239974526868 -1.6405982416 1.32656983793 -0.476189837376 2.26573133519

Generation 6 _ 36
2.43487566544 3.14694548617 0.720343564412 -1.39817632284 0.661671660979 -1.47927588007 0.095592010704

Generation 6 _ 37
4.53990676363 3.71049231267 1.41721458937 -1.31090697342 2.24299248613 -1.12144807949 0.257696268843

Generation 6 _ 38
3.10507702741 3.42993552115 -0.891250625047 -0.222939753697 2.83833812305 -0.522889690206 0.885440297239

Generation 6 _ 39
2.89964170673 4.40238000159 -0.778322299163 -1.38785301408 1.91389985952 -2.02688131809 2.4510090523

Generation 6 _ 40
3.99516254774 3.6417565129 0.245493569689 -2.06088300089 1.18997702881 -1.01976149898 2.5968420606

Generation 6 _ 41
3.23074171336 4.36525278839 -0.839809526311 -1.89585667142 1.84920035566 -0.659609989159 0.20923192542

Generation 6 _ 42
4.06146774462 1.86051517529 0.0906653170666 -1.39359266956 2.58008128936 -1.37893556055 2.70087926328

Generation 5 _ 2
3.45735400778 2.68274954455 0.228152274298 -0.234347132507 0.876058960471 -1.72172913387 0.794472779458

Generation 5 _ 1
3.25475484709 2.90188308013 0.272535582429 -2.45060262394 -0.268625536173 -0.567179788387 0.428139830688

Generation 5 _ 1
6.07372087838 1.55801464412 0.402382569255 -1.36448294675 4.24391359446 -0.599699878402 0.46959623132

Generation 5 _ 2
4.63278114806 2.85146493952 -1.0422672249 -1.86480265946 1.75253081243 1.67983589096 0.682210228237

Generation 5 _ 2
Generation 5 _ 1
5.11152542253 3.13642747739 0.0660779021819 -1.31417058898 1.54215028049 -0.458679333432 3.65627278604

5.12643875489 2.09795554309 -0.790109207404 -2.52439814361 3.18716022516 -0.733460470118 1.44517388645

Generation 5 _ 2
3.32986991922 2.41115184973 0.358095326787 -1.47907537973 1.14393998475 0.700002738604 1.69552564263

Generation 5 _ 1
4.55373643452 5.26257006978 0.74498365515 -1.35076575291 2.06590683593 -1.09659807193 -0.966989229692

Generation 6 _ 42
3.64238636553 3.51653160651 -0.0618882639223 -1.05836060315 2.82243440458 -1.8339224005 0.48437819341

Generation 6 _ 42
3.96999110673 3.04769909017 0.0604117102912 -0.738643184637 1.45170891091 -1.94060552728 1.2971721026

Generation 6 _ 42
2.49415678399 3.22929600156 1.64718986862 -0.864268972449 1.82853581727 -1.40179992035 2.0847277277

Generation 6 _ 42
4.17515797474 2.34684822727 0.48994767133 -0.882143990179 3.53833944848 -0.121294275576 0.349122854241

Generation 5 _ 1
5.43575388802 2.10384324038 1.84404800377 -1.66700750889 1.8284635565 -1.14114336351 0.869677556615

Generation 6 _ 1
5.30444360726 3.76807742364 -0.117656583904 -1.30245833304 2.26117484101 0.131381342688 2.50043545866

Generation 6 _ 2
2.1513301579 2.50079504165 0.600196862346 -1.5574489732 2.78646940067 -1.15933521764 0.191965070982

Generation 6 _ 3
3.91325222025 3.36179927781 -0.715091979728 -2.19648686335 3.27585210233 -1.08005820863 1.24291673782

Generation 6 _ 4
2.97976259222 2.49744142379 -0.14581172679 -2.16926058228 0.805934588885 -0.379371812427 -0.0383895478876

Generation 6 _ 5
3.99289313123 4.61278534889 0.976372027619 -2.39741472614 3.88409353781 -1.27660994707 -1.10531761803

Generation 6 _ 6
3.66362400861 2.84159986217 0.300241338984 -2.18200182613 2.79380691889 -0.293909919453 0.589133642036

Generation 6 _ 7
2.40135052879 2.36482289554 -1.35850784994 -1.55823519342 1.99585456104 -0.709784098497 1.42000395525

Generation 6 _ 8
4.57675028659 2.29454184117 -0.306615196391 -1.97436636264 3.19730115898 -0.700101384834 2.78445618161

Generation 6 _ 9
3.59819327105 2.74649545431 1.71078342293 -1.36776062642 0.674201016422 -0.965537255631 1.85968583896

Generation 6 _ 10
3.19134489997 2.8496471235 -0.191566183571 -2.0664655847 0.750008667509 -0.535615233253 0.369643097704

Generation 6 _ 11
3.80843905808 2.77041438495 0.663517677939 -0.588276030857 0.91787493225 -1.74732751728 -0.157766069051

Generation 6 _ 12
3.29149979855 2.33578144702 1.05258748271 -1.9121897038 3.0820169509 -0.393110482231 0.686982311037

Generation 6 _ 13
2.93322064967 4.08758935767 1.3087218199 -1.52750716915 1.9311306379 -1.15309118061 0.8924034473

Generation 6 _ 14
3.1913804548 2.77798474065 -0.0615756484425 -0.116961623706 0.719517442324 -0.508968360788 -1.45051589484

Generation 6 _ 15
3.74559191562 2.70313803708 -0.077329802192 -1.03719622468 0.739512674778 -1.27688049833 1.33144745025

Generation 6 _ 16
3.96965016796 3.81041350649 0.671890398437 -3.25059188561 2.64295854394 -0.74891821771 0.313550148489

Generation 6 _ 17
3.21130201845 2.76983569522 1.61674290754 -0.344271162899 3.5302524344 0.162183050977 0.184326726336

Generation 6 _ 18
3.31475519612 0.907270112563 -1.40186028358 -2.18367157963 2.75153685928 0.467405546143 1.87802677107

Generation 6 _ 19
2.03256179191 5.05174372853 -0.866238978949 -1.10046662035 2.00613793218 -1.69977260997 -0.578508556736

Generation 6 _ 20
3.9939641361 3.04683121304 -0.930963763541 -1.51727197315 2.3222454695 -1.20372617474 2.45654624373

Generation 6 _ 21
4.02146980256 3.90134164403 -0.740662749111 -2.39143669526 1.73853223294 -0.0312650546263 1.0075214654

Generation 6 _ 22
4.06981543957 0.7866517008 -0.136755262641 -2.23636499753 2.56812722379 -1.09326375381 0.902244385802

Generation 6 _ 23
4.84742274666 3.56019903232 0.877533447582 -2.17895698661 1.44910600203 -1.55500068477 1.61533902351

Generation 6 _ 24
3.60304795199 4.07503352632 -0.276004708067 -1.14233625224 2.52211397827 0.294745707606 0.783439016064

Generation 6 _ 25
2.93375880322 3.28962442498 0.418279678962 -1.2647268876 0.153084799575 -0.374895868771 0.744687235038

Generation 6 _ 26
3.59817668064 4.0874038135 -0.495824371637 -3.03757838424 2.54415871733 -2.35124307127 0.0525582067776

Generation 6 _ 1
4.09984422909 3.02676519107 0.483249596638 -2.82237291541 1.36380642594 -1.12903863934 0.698884905934

Generation 6 _ 2
4.3031188861 4.07664870217 -0.960660277391 -1.85223059398 1.79928503562 -0.904907776463 0.495850193001

Generation 6 _ 3
4.3747876563 3.90057461519 -1.15537993485 -1.20909947326 1.28346067588 -1.65292888271 1.48447960402

Generation 6 _ 4
4.52911730467 4.23580909865 1.11625754509 -0.702687008535 1.06360983976 -0.217715406883 1.16646376239

Generation 6 _ 5
3.92585081218 2.05971781559 -0.950594469052 -2.64186553022 0.978401489364 -0.572629470498 0.75370006855

Generation 6 _ 6
2.91161766958 1.80434344589 2.13853430985 -2.18479361522 4.43902197928 0.243750889361 -0.220459913542

Generation 6 _ 7
3.87619348355 3.50975476366 2.0565469917 -2.39706247843 2.17873637656 -0.293544150648 0.777096246423

Generation 6 _ 8
3.5905430143 4.22880686264 -0.771462728741 -2.89570190194 3.16683040674 -0.155137880843 0.905946579194

Generation 6 _ 9
4.47398740343 1.58333246374 0.903998928157 -3.12121653237 2.4356511149 -1.19495322768 0.657373022265

Generation 6 _ 10
3.47640903278 5.53160660157 1.25234456085 -2.19352158386 2.85439445489 -1.78325604998 1.89315284877

Generation 6 _ 11
3.57487485869 3.05434708397 2.36283139523 -1.13935711831 2.30599276725 0.826443200319 1.60252729307

Generation 6 _ 12
3.5652243341 4.24407185474 -0.0253191743051 -1.04305346432 2.13244975501 -1.3014151116 0.137289744321

Generation 6 _ 13
4.51803907976 2.52617560989 -0.667034709004 -1.14053366607 0.715793444447 -0.887944818777 1.66973322096

Generation 6 _ 14
4.81382336754 4.26334149001 0.606832327286 -1.72412799716 1.60394170681 -2.58194175827 0.839063570144

Generation 6 _ 15
2.67159197652 3.83896194547 -0.937474372 -0.944112247134 2.41260015782 -1.30003632466 1.92908104214

Generation 6 _ 16
3.08660678024 3.85079621795 0.722354138727 -3.00148045929 1.9790374151 -1.64494491761 0.589754458631

Generation 6 _ 17
5.27048518004 3.84188916782 -0.2384378407 -3.701547061 2.50617838909 -1.62762519267 1.58697497764

Generation 6 _ 18
4.20077147659 3.24048313745 -1.09959491463 -0.461501138728 1.37420900803 0.0650129015926 0.0938760246642

Generation 6 _ 19
4.53395263721 2.64171354209 -1.20784989836 -1.74721660091 2.17237214157 -1.965046162 0.354412946515

Generation 6 _ 20
3.78685467035 3.69219882929 -1.01189949902 -1.80260508918 1.13072566585 1.2391639509 1.50060675757

Generation 6 _ 21
1.83780280693 2.54014097781 0.915380230645 -0.899109364205 1.37258822025 -1.3262116436 0.158634367328

Generation 6 _ 22
5.60011475928 4.14536437318 0.00416138654706 -1.2975981819 2.32858847991 -1.33442305004 2.28205160162

Generation 6 _ 23
2.57693703136 2.32147171039 0.611262721221 -1.38407724139 2.73773258924 -2.15850414035 0.785119092665

Generation 6 _ 24
2.26341406885 5.15317712817 -0.275741937191 0.197740196974 2.30482112546 -0.49413359112 1.72181059796

Generation 6 _ 25
3.51358666649 3.17196538118 0.413985905968 -1.03997269935 3.10558208823 -2.62453067174 1.61942604352

Generation 6 _ 26
2.9240192916 1.52272272698 1.09698302794 -2.36138184195 2.37401191557 -1.37486163396 0.607629849518

Generation 6 _ 27
2.62049183027 2.60495844601 0.374159166102 -1.9476152028 1.60868017506 -0.485661410593 1.08210034777

Generation 6 _ 28
3.5058919809 1.75293331863 1.05393436397 -1.21034811897 0.323199271644 -1.43186878596 1.45920975155

Generation 6 _ 29
2.4275128393 4.22139701359 -0.142372384885 -1.57173741525 2.346454427 -0.386946150918 1.08137574467

Generation 6 _ 30
3.6601690617 3.90828657674 1.45932981987 -0.693386526856 1.16608548482 -0.808945218155 -0.192174330286

Generation 6 _ 31
2.34426410638 2.69212646426 -0.910966332942 -1.91216857977 -0.299259578632 -0.363476257983 0.174653279885

Generation 6 _ 32
2.48674659248 4.71723837655 -2.84319344678 -3.48231026017 2.22095398046 -0.564247431282 1.19250660221

Generation 6 _ 33
6.21862498908 2.8369141532 -0.0404868201535 -1.16611199474 1.66391530236 -1.44800705226 0.0956727331306

Generation 6 _ 34
4.14704141957 3.09821187994 0.565575387376 -2.17289901216 1.9320847381 -1.99577526577 1.08611550001

Generation 6 _ 35
3.08398889672 3.96463725644 -0.108611075148 -2.38737699903 2.11157025284 -0.0225354690606 1.0458830736

Generation 6 _ 36
1.44631738644 4.09249000431 -0.0331079506556 -0.990754332144 2.63730624678 -0.240478447752 -0.0860092029083

Generation 6 _ 37
5.07657922383 2.75508052978 -0.970847613106 -0.718274736814 2.58598487998 0.0564753247959 0.640965978238

Generation 6 _ 38
4.52940824786 3.34838141284 -0.306849654949 -0.946614826543 0.701376773291 0.124562133298 -0.833769440128

Generation 6 _ 39
3.32528350876 1.06200154383 1.67838784927 -1.26661845284 4.41618235667 -0.181089995722 -0.0701379252888

Generation 6 _ 40
3.27945387372 1.74317102415 -1.16998585198 -2.12554712486 0.555488056266 -2.31732044095 0.398007269696

Generation 6 _ 41
5.28497048191 3.39713120357 -0.600586093741 -1.08849321775 1.15302306729 -1.49377260507 -0.470607272636

Generation 6 _ 42
3.92921691616 2.83557584427 -1.1509882586 -2.09589454995 2.63866353014 -2.53647359817 0.856122929414

Generation 6 _ 43
4.48982773059 2.86875071728 0.312846061344 0.048972325617 0.628927449326 -0.781923207959 1.63665930292

Generation 6 _ 44
4.6870621643 3.21868704091 1.26101122502 -1.92673136659 0.402895281348 -0.7743584189 0.334228585185

Generation 6 _ 45
3.97557528669 2.90497299186 -0.98900355893 -2.57313925122 1.27703315282 -0.10151204198 3.5991918088

Generation 6 _ 46
3.56708147603 3.37357596029 0.172509744397 0.134016565297 1.52068243063 0.927203914532 0.109443910221

Generation 6 _ 47
3.82001055373 4.4234574608 -0.117718703659 -1.98742481843 2.52961050469 -2.02876936931 1.40124470704

Generation 6 _ 48
4.32203852285 5.90263169846 -0.631479459384 0.499695600741 2.27077504246 -1.87258374537 0.821799765219

Generation 6 _ 49
2.82922050006 3.95245531419 0.177282590962 -1.60889661086 2.76207655902 -1.13204065023 0.1311329393

Generation 6 _ 50
4.88832210748 2.73697398408 -0.838533027915 -1.24573764857 1.95035860259 -0.953435337902 0.793900000437

Generation 7 _ 1
3.06629570712 4.66021570531 0.0172845079653 -1.36543042324 2.79878140177 -0.645848524926 0.277324532866

Generation 7 _ 2
3.80067207156 5.41628045651 0.241468019873 -2.63019778153 3.26378273619 -0.237280311293 0.790711940487

Generation 7 _ 3
3.59351475231 3.1859966445 -1.68290710848 -0.332965847423 3.56410987588 0.55527593667 -1.03645758417

Generation 7 _ 4
3.14947844053 4.60645045659 -1.25943448104 -2.76234285568 1.67526961676 -1.71085281453 -1.02889378303

Generation 7 _ 5
3.90393713308 3.71635186315 -0.763554241667 -2.12194526666 1.80801605039 0.273539884514 0.465607869656

Generation 7 _ 6
4.43352558151 2.69449108658 0.424095080098 0.710491739329 1.41184272028 -1.9056276663 0.412134415636

Generation 7 _ 7
2.38859415101 3.87045338555 0.0579072313974 -2.5852598709 1.97131320092 -0.0630136771521 -1.88757605479

Generation 7 _ 8
3.63090782439 3.52578364153 1.59686917497 -2.07510016713 -0.561311095702 -2.66757828239 1.10084225362

Generation 7 _ 9
3.03996785522 3.6423865731 0.725235893408 -0.80983156029 1.70436806643 -1.43791833555 1.36580283468

Generation 7 _ 10
4.84062752358 4.99330618639 0.157017773553 -2.35670874685 0.364252595582 -2.18654892801 2.29135068873

Generation 7 _ 11
4.65202529803 5.64703002796 -0.717029170061 -0.596369694587 2.19100671783 -0.557372878869 -0.114984752199

Generation 7 _ 12
2.18999657571 6.06023634719 0.317681031126 -0.212048307273 2.14049745771 -1.03026566907 2.32801386597

Generation 7 _ 13
2.37705766835 1.87903020039 -0.463501607385 -3.44489981809 2.13846157154 -2.36548273579 1.95166503678

Generation 7 _ 14
1.8525162676 4.1498018742 -3.33686148645 -2.17742530522 1.55070020042 -0.15221635205 0.954695729945

Generation 7 _ 15
3.50618853672 5.29290858694 -0.230335546 -1.50365632064 2.02584754445 -0.863231225731 1.80054355314

Generation 7 _ 16
4.13202388987 4.1547107274 0.239178713768 -1.87352826023 2.83951398482 -0.914659182875 1.06602147053

Generation 7 _ 17
4.21247847391 3.43221695773 -0.141918455903 -0.904207758111 0.390722351247 -1.71619706592 1.18770707863

Generation 7 _ 18
0.694466844023 5.6845840005 -0.592970452721 0.509067727854 1.02756139419 -0.551061571056 0.598911615918

Generation 7 _ 19
2.34806942948 4.30576483564 -0.026655994529 -0.767940200048 2.22272663994 -0.304956909087 -0.839929856592

Generation 7 _ 20
4.42878466895 5.50349129507 -1.12348348072 -1.99172386863 1.21175079436 -0.14890343809 1.43578470707

Generation 7 _ 21
3.20104582858 6.00449640391 -1.65430716391 -0.44300233848 2.91404679125 -1.04750977224 1.02229174044

Generation 7 _ 22
3.20348340111 1.76004147984 -0.78732373687 -0.992176680833 1.19914692478 -0.866184921521 0.412070847487

Generation 7 _ 23
2.39507137803 2.8714401701 0.184512100107 -2.67555500128 2.23737195984 -0.791693729395 1.28026952247

Generation 7 _ 24
2.22261448736 3.7272412714 -1.51442871822 -2.62740141609 1.89983687867 -1.05067160687 1.89876399579

Generation 7 _ 25
3.38858515919 3.77215549221 0.494407819109 -1.03912131886 1.38212278586 0.078085585103 1.69570880979

Generation 7 _ 26
5.19042410085 2.61011750726 0.50626921417 -2.63131942983 -0.390010127555 -0.777286568208 1.66366786543

Generation 7 _ 27
4.29473511765 3.30360890996 -0.322849395969 -0.254088915011 3.26775055979 -1.22112123327 0.547045925942

Generation 7 _ 28
6.43904738563 5.20303015887 0.163295267309 -3.32771342115 1.49190845412 -2.60826787305 1.37375912472

Generation 7 _ 29
3.85466147462 4.62965373463 0.274283499131 -0.877368945217 1.54864807319 0.0434291324946 0.875515393555

Generation 7 _ 30
5.41194934354 3.31006061026 -0.796707788742 -0.322321476715 0.0301683126523 -2.15101453381 1.9701643036

Generation 7 _ 31
1.4042334245 4.18887880971 0.0858550753895 -0.450023203183 1.36406343306 -1.13098813896 -0.951548351461

Generation 7 _ 32
6.50991659574 3.90720802821 -0.141569415924 -2.0447944504 3.94793100341 0.0585052603269 1.37394463339

Generation 7 _ 33
3.94735840947 4.96965672995 -1.2780281049 -2.22842370637 1.30362506983 -1.92967344953 -0.971088256849

Generation 7 _ 34
2.92536382617 1.78792982014 -0.679374251498 -0.538635855889 2.51858320072 -1.22050624493 -0.211566040837

Generation 7 _ 35
1.49095353543 3.00350979858 -1.8719432353 -1.20634821769 0.957918530372 -1.66543788987 1.86572372133

Generation 7 _ 36
3.98897688012 4.57331576386 -1.45341563459 -1.08887383242 2.02196711411 -1.17814254772 2.39932131333

Generation 7 _ 37
2.75776885094 6.08838190634 0.220052621505 -0.899940108336 2.74207539793 -1.84660151186 1.10194857475

Generation 7 _ 38
3.94305306035 5.72190758727 -0.437315022051 -1.78464298281 2.89051150405 -1.59181179095 -0.141201563162

Generation 7 _ 39
2.7007230918 4.48813772648 -1.62098445276 -0.263469238388 2.66528272823 -0.295896067987 -0.517408625709

Generation 7 _ 40
3.0253853768 4.10875416835 -0.00428145447735 -1.14662294944 2.18027997095 -0.442164252512 2.02373152405

Generation 7 _ 41
3.66238495828 2.75004394628 0.593427548929 -1.7539334798 1.26427876404 -0.807939619803 1.59478527229

Generation 7 _ 42
3.75907006263 3.82623465833 0.52573367333 -0.839862204873 1.77816749058 -1.77790697738 -0.591605728336

Generation 7 _ 43
3.48837346698 2.28571796284 -0.91596452875 0.92264759794 -0.115654170532 1.19073337925 -0.688037245404

Generation 7 _ 44
2.92239283869 3.34194224137 -0.594887417909 -1.5414722047 1.68016013789 0.0712673557558 -0.756971685756

Generation 7 _ 45
1.78637767426 2.3246562987 1.36605970921 -4.46713835145 0.973049032357 -1.18142197495 0.722819144534

Generation 7 _ 46
3.20409090518 4.74624319057 -2.60943364486 -1.01724849252 1.89717260364 -0.864202796328 0.550736200101

Generation 7 _ 47
3.14280198372 2.94916506982 1.81452628454 -2.74351264005 1.68386590213 -0.944908013752 0.793188730177

Generation 7 _ 48
3.79397720546 2.35375752947 1.10763074395 -1.45292964395 2.03123682881 -0.308415104552 0.0951733755784

Generation 7 _ 49
4.30685271945 4.93090877623 0.17506496266 -2.3488023899 1.82528491369 -1.7740045681 0.743420729216

Generation 7 _ 50
2.48194274369 3.38736441381 -0.905704063724 -2.26233633058 0.701449723452 1.4215638024 0.933781183745

Generation 8 _ 1
4.69716061733 3.89705369964 -0.24497584359 -1.28923332677 0.443790397024 -1.70495799034 0.284932335119

Generation 8 _ 2
0.441893521099 3.31219233 -0.361004702281 -0.997195304267 2.87411972127 -0.809816410595 1.52473576526

Generation 8 _ 3
5.74080149533 4.13447198778 0.0565159989773 -2.61826191787 1.44787296716 -1.23533493189 2.74739863114

Generation 8 _ 4
4.60234412802 2.1686976964 1.95375338558 -3.27802111521 -0.0547283644936 -2.81996629583 1.20352784151

Generation 8 _ 5
2.87217411542 4.82417179844 -1.34907519575 -1.87649152237 2.58635777247 -2.1118291174 1.1513565864

Generation 8 _ 6
5.44683120078 5.09785852873 -2.08306032384 -0.889152611637 1.04734676148 -0.595945120927 2.51867895283

Generation 8 _ 7
2.80012916689 5.6343714201 -0.287770716031 -0.186155635269 4.00063275342 -0.603472964551 0.720177716137

Generation 8 _ 8
2.45523137169 5.2514054887 1.01850860904 -1.95392191509 2.81585063594 0.244070288398 -0.227696412306

Generation 8 _ 9
3.11499011211 3.09886743241 -0.913463128701 -0.82957287557 3.45806354157 0.89560392689 -1.3893386943

Generation 8 _ 10
2.60205625506 4.17497576712 -2.60080631583 -0.402461806655 1.71155769893 -0.502186331939 -0.594268573737

Generation 8 _ 11
3.89566138647 7.26441948224 -2.38078933446 -2.93336660409 1.39323981477 0.0907433981177 -1.25176304734

Generation 8 _ 12
3.91213582476 4.76891196979 1.21973792159 -1.26087024968 0.654487420046 -1.5746371177 0.909896604442

Generation 8 _ 13
4.21332271657 5.65872762252 -0.923805544634 -0.754390311603 3.40513983085 -1.37498056827 0.619108954013

Generation 8 _ 14
3.76010590991 5.20103338929 -0.90636232564 -1.89076109296 2.57564083747 -1.68096140797 0.118150930902

Generation 8 _ 15
3.3579351635 4.47202526052 -1.32055905274 -3.11190932672 2.24371721182 0.365096621108 1.14206795063

Generation 8 _ 16
3.63218567426 4.38977955487 0.515592388251 -1.62759509289 1.05374929552 -1.16149643178 -0.0959851557568

Generation 8 _ 17
2.6248686858 7.48665141458 -0.253767648662 -1.62761479604 1.60733255702 -2.79988262933 0.613447632968

Generation 8 _ 18
3.41162111332 6.89889648054 -0.0138031213988 -2.35962484358 2.93094217499 -2.07199930575 0.844896442998

Generation 8 _ 19
5.97495347095 3.96318297346 2.0698494767 -2.24425066287 1.63361670919 -0.135950437319 0.62533761382

Generation 8 _ 20
3.044813671 6.17560685229 -1.59196278254 -0.362468819578 2.26508977907 -1.44179950921 2.09597871794

Generation 8 _ 21
2.95033281342 6.90207465952 -0.432078659199 -2.64796190606 -0.00685464771978 -0.639815222389 3.33231315268

Generation 8 _ 22
4.53234802799 3.83964746779 0.312138657274 -0.192291570163 2.3225803423 -1.30930526146 0.770880913679

Generation 8 _ 23
3.52208463949 6.82761554842 0.747297082982 -0.590314203573 4.51929170164 -2.13249416197 0.922938782865

Generation 8 _ 24
3.22164702028 4.41380387294 -0.420257351481 -0.0165316545202 1.69679997212 0.0244542392624 3.11274712242

Generation 8 _ 25
4.09216550346 3.06789394623 0.230894522475 -2.18119882284 1.67448079548 1.82811234757 -0.856504826696

Generation 8 _ 26
4.90848163314 6.98982381888 -0.041928899315 -2.53835503147 3.49827945626 -1.70775623866 0.600565785825

Generation 8 _ 27
2.66634060766 4.5867789725 -1.14142496901 -1.98181392971 0.762037733137 -1.29758436416 -0.124662927605

Generation 8 _ 28
4.92220245259 6.6162531119 -1.76302130576 0.488744385468 3.38568206767 -0.765867312829 1.49361325892

Generation 8 _ 29
5.78941495515 4.68464472872 0.190411126127 -1.31432697619 0.93878991101 0.304493119079 1.3727736933

Generation 8 _ 30
1.50794983471 4.37395046072 -0.704642699127 0.605667028653 1.75412531797 -1.40692746462 1.39550625568

Generation 8 _ 31
3.04342858983 4.17651166077 2.63237209244 -2.551320656 2.00052709284 -2.01967099645 3.35873381959

Generation 8 _ 32
5.24307139919 7.378898445 0.456181175611 -1.18128960801 2.5506647595 -3.23258137019 1.01606185487

Generation 8 _ 33
5.32139353397 4.63521898036 -1.08842641648 0.459603545291 0.698481001673 -1.60273960044 -0.532866443705

Generation 8 _ 34
2.44810440945 2.30075112295 -3.6987454578 -0.0206511385479 2.05718777937 0.470803835138 1.1165979311

Generation 8 _ 35
3.90749140499 5.7107831211 0.3984661756 -0.421969728578 2.42471617448 -0.574033374503 1.07156856468

Generation 8 _ 36
4.14360728143 8.03231582233 -0.926531356105 -0.639877557908 3.50271088823 -1.94486543078 1.68339740778

Generation 8 _ 37
4.49362968074 4.18301468728 -0.645090527294 -1.57932279836 1.44353143879 -1.72576769895 2.53485564566

Generation 8 _ 38
6.27722070669 6.04174536221 -2.16594297975 -0.694250300513 0.625492102691 -2.75887667906 0.68882793631

Generation 8 _ 39
4.48503640455 5.19014728103 -1.53167658928 -2.77678552812 2.17711831836 -1.23233899245 -0.473935884881

Generation 8 _ 40
1.62715912854 2.16444812925 -0.801044827584 -1.68990739579 0.225818924778 -1.79973277981 3.11326318345

Generation 8 _ 41
6.03226231855 4.92951661325 1.9165245366 -2.99985327947 0.0973555081138 -1.37959915287 -0.957990371872

Generation 8 _ 42
4.37593504618 6.7203949881 0.606989014066 -2.8576503979 2.86040925256 -1.42847000621 1.18252924234

Generation 8 _ 43
4.74713947332 3.2485140043 0.484530451481 -1.1373633785 3.56030427698 -2.24794499166 1.94649891632

